"lat" "long" "freq" "location"
"4420" 59.27645 10.37461 1 1685
"4822" 59.50541 10.2993 1 1970
"3023" 59.05009 10.4505 1 455
"4501" 59.32101 10.79583 1 1753
"5414" 59.73705 10.212 1 2310
"4119" 59.19656 11.18499 1 1425
"4797" 59.49393 10.66518 1 1951
"3716" 59.13323 9.6228 1 1066
"2179" 58.86797 9.602665 1 1
"2968" 59.04386 10.14456 1 405
"3965" 59.17147 10.70937 1 1288
"5554" 59.82174 10.47734 1 2393
"4594" 59.39718 10.48245 1 1824
"3907" 59.16269 10.95057 1 1239
"3825" 59.15008 10.30898 1 1164
"5049" 59.61129 10.40919 1 2125
"5489" 59.7824 10.7096 1 2365
"3332" 59.08827 11.22511 1 741
"2591" 58.97326 9.649431 1 81
"4094" 59.19322 10.50636 1 1402
"3353" 59.09111 9.795838 1 759
"4856" 59.52232 10.48712 1 1994
"5010" 59.58785 10.65334 1 2106
"4573" 59.37727 10.65617 1 1808
"5323" 59.70058 10.38924 1 2241
"2605" 58.97684 10.02888 1 91
"3394" 59.09625 10.82837 1 797
"2833" 59.02197 11.11349 1 279
"4474" 59.31277 10.52534 1 1729
"5767" 59.8881 10.56988 1 2549
"3181" 59.06952 10.29762 1 600
"4348" 59.25165 10.70283 1 1622
"3658" 59.12567 11.08846 1 1016
"3045" 59.05276 9.648343 1 476
"5431" 59.7439 10.51063 1 2324
"4983" 59.57123 10.23566 1 2095
"3634" 59.12331 10.44813 1 1003
"4680" 59.44768 10.37268 1 1890
"5608" 59.84221 10.77394 1 2423
"4647" 59.43831 10.59162 1 1863
"4227" 59.2173 11.06161 1 1520
"3000" 59.04696 10.01555 1 434
"4187" 59.21052 10.36792 1 1486
"2573" 58.97034 10.15174 1 66
"3412" 59.09807 10.95724 1 814
"3890" 59.16021 10.82985 1 1223
"5593" 59.83614 10.63568 1 2412
"5380" 59.7216 10.72068 1 2282
"4485" 59.31662 10.67676 1 1738
"2900" 59.03255 9.762835 1 343
"4236" 59.21976 10.92 1 1529
"4358" 59.25558 10.50172 1 1630
"2615" 58.97849 10.96092 1 99
"4939" 59.55362 10.3924 1 2065
"4220" 59.21583 10.78961 1 1515
"3541" 59.11242 10.22502 1 926
"3781" 59.14399 11.20703 1 1123
"5480" 59.77721 10.59394 1 2363
"3214" 59.07316 11.0725 1 631
"4691" 59.45026 10.48255 1 1900
"4933" 59.55095 10.58121 1 2061
"5325" 59.70085 10.28648 1 2243
"3406" 59.09747 9.692415 1 808
"2536" 58.96378 9.939103 1 41
"4384" 59.26409 10.79311 1 1653
"3955" 59.16932 10.41525 1 1279
"5168" 59.65994 10.43616 1 2165
"2475" 58.93239 9.604247 1 17
"5096" 59.63501 10.64191 1 2148
"3976" 59.173 11.09179 1 1298
"5310" 59.69714 10.51792 1 2235
"2648" 58.98677 11.0541 1 118
"4553" 59.35153 10.46888 1 1792
"3225" 59.07449 10.52422 1 641
"2655" 58.988 9.748835 1 122
"2734" 59.0051 10.09678 1 190
"3535" 59.11125 10.36416 1 922
"4905" 59.53778 10.66451 1 2038
"2937" 59.03861 10.2287 1 377
"5385" 59.72377 10.58713 1 2287
"3072" 59.05591 10.87539 1 499
"4805" 59.49663 10.38239 1 1955
"3366" 59.09221 9.601641 1 772
"4254" 59.22385 10.44439 1 1542
"5661" 59.86254 10.50577 1 2464
"4685" 59.44893 10.6686 1 1895
"3545" 59.1128 10.75665 1 930
"3823" 59.14983 11.02546 1 1162
"2348" 58.90096 9.653319 1 13
"2854" 59.02531 11.03731 1 299
"5833" 59.91429 10.65713 1 2601
"4547" 59.34596 10.73664 1 1789
"5442" 59.74933 10.28527 1 2334
"2904" 59.03331 9.838393 1 347
"5490" 59.78261 10.50254 1 2366
"4199" 59.21289 10.70488 1 1496
"4063" 59.18758 11.01124 1 1376
"3862" 59.15623 10.4874 1 1198
"4050" 59.18511 10.88882 1 1363
"3306" 59.08582 10.42557 1 718
"4916" 59.54322 10.30104 1 2047
"3566" 59.11601 10.89344 1 949
"4569" 59.37367 10.53884 1 1806
"3153" 59.06639 9.733083 1 574
"3238" 59.07598 10.21246 1 654
"2524" 58.95823 9.857901 1 34
"4128" 59.19865 10.57749 1 1433
"5694" 59.87088 10.65962 1 2492
"4443" 59.29285 10.74843 1 1701
"3100" 59.05977 11.00145 1 525
"5722" 59.87741 10.77472 1 2515
"5551" 59.8208 10.69821 1 2391
"3557" 59.11405 10.29648 1 940
"3440" 59.10174 11.13529 1 839
"3794" 59.14575 11.141 1 1136
"2788" 59.01384 10.17331 1 237
"5343" 59.70587 10.64286 1 2251
"4747" 59.47388 10.3324 1 1924
"3572" 59.1169 11.01801 1 954
"5624" 59.85082 10.57697 1 2434
"4429" 59.28293 10.68238 1 1691
"4385" 59.2641 10.43964 1 1654
"2800" 59.01577 10.03553 1 249
"3990" 59.17481 10.35219 1 1310
"3774" 59.14279 10.37785 1 1118
"4322" 59.24447 10.37172 1 1600
"4864" 59.52519 10.42098 1 2001
"3692" 59.12973 10.95153 1 1044
"3095" 59.05946 9.801198 1 520
"4609" 59.41785 10.65633 1 1831
"3182" 59.0696 10.92992 1 601
"4243" 59.22115 10.53526 1 1533
"3409" 59.09767 10.48239 1 811
"5199" 59.66901 10.37785 1 2179
"5001" 59.58398 10.43693 1 2103
"2741" 59.00646 9.80166 1 195
"2542" 58.9648 9.711623 1 44
"4091" 59.19279 10.9498 1 1400
"5450" 59.75245 10.71411 1 2341
"4744" 59.47199 10.62512 1 1923
"4857" 59.5228 10.35382 1 1995
"5519" 59.80603 10.60859 1 2379
"4548" 59.34776 10.66276 1 1790
"4433" 59.28723 10.49782 1 1694
"3551" 59.11355 11.19775 1 936
"3792" 59.14562 10.90448 1 1134
"3029" 59.05079 11.10786 1 461
"2956" 59.04177 9.703961 1 394
"3081" 59.05694 10.39631 1 506
"3334" 59.08839 11.01197 1 743
"5726" 59.87929 10.71376 1 2517
"4300" 59.23668 10.7519 1 1579
"2721" 59.00242 11.00487 1 181
"2725" 59.00329 9.702756 1 184
"4657" 59.44078 10.42588 1 1871
"4899" 59.53436 10.5371 1 2033
"4065" 59.18799 10.79047 1 1377
"2603" 58.97603 9.816781 1 89
"5052" 59.61183 10.61256 1 2127
"3286" 59.08287 10.88053 1 699
"5619" 59.84866 10.69023 1 2430
"2636" 58.98448 9.9725 1 113
"5358" 59.71167 10.33516 1 2265
"5388" 59.72431 10.25808 1 2289
"3953" 59.16924 11.16475 1 1278
"4838" 59.51517 10.63452 1 1980
"4491" 59.31846 10.72805 1 1744
"2933" 59.03814 10.06356 1 373
"4619" 59.42483 10.46986 1 1841
"5122" 59.64375 10.39127 1 2155
"5232" 59.67727 10.55323 1 2190
"5444" 59.74955 10.58071 1 2336
"4979" 59.56957 10.61655 1 2092
"3512" 59.10956 9.642511 1 900
"5260" 59.6854 10.43106 1 2205
"3333" 59.0883 10.25601 1 742
"4026" 59.18197 10.46235 1 1342
"4399" 59.26791 10.74497 1 1666
"3200" 59.07193 10.47308 1 619
"4926" 59.54766 10.24916 1 2055
"3811" 59.14772 10.43727 1 1152
"5536" 59.81242 10.74362 1 2385
"4994" 59.58085 10.38936 1 2100
"3002" 59.04707 11.05787 1 436
"5783" 59.89172 10.63608 1 2563
"3281" 59.08211 9.643602 1 694
"2978" 59.04454 10.27332 1 414
"5335" 59.70298 10.56445 1 2248
"5598" 59.8386 10.51002 1 2416
"2521" 58.95567 9.619223 1 32
"4106" 59.19474 11.07395 1 1413
"5748" 59.88462 10.52411 1 2535
"2837" 59.0225 10.12692 1 283
"2869" 59.02799 10.9926 1 313
"3693" 59.12973 10.33019 1 1045
"2759" 59.00862 11.0681 1 212
"5085" 59.62879 10.43842 1 2144
"5376" 59.72 10.52032 1 2281
"3357" 59.09145 10.30933 1 763
"4113" 59.19607 11.14092 1 1420
"4098" 59.19388 10.32851 1 1406
"5137" 59.64778 10.60546 1 2157
"4321" 59.2443 10.4639 1 1599
"5274" 59.68995 10.34611 1 2215
"5391" 59.72689 10.3021 1 2291
"4749" 59.47428 10.68558 1 1926
"2772" 59.01061 9.756339 1 222
"4608" 59.4172 10.60439 1 1830
"5804" 59.89892 10.68865 1 2580
"3565" 59.11585 10.85069 1 948
"3191" 59.07071 9.691349 1 610
"4284" 59.23196 10.68393 1 1566
"3802" 59.14682 10.98348 1 1144
"5704" 59.87422 10.603 1 2500
"3488" 59.10693 10.4174 1 881
"4518" 59.32812 10.49615 1 1768
"2595" 58.97408 9.885645 1 85
"4835" 59.51376 10.67915 1 1978
"3162" 59.06733 10.2535 1 583
"4154" 59.20408 10.45762 1 1457
"5678" 59.86674 10.54646 1 2480
"4574" 59.37778 10.46816 1 1809
"3403" 59.09724 10.91702 1 805
"4958" 59.56185 10.42964 1 2079
"2641" 58.98555 9.682423 1 116
"3400" 59.09698 10.78228 1 802
"5515" 59.80302 10.50417 1 2377
"3925" 59.16572 10.91066 1 1254
"3691" 59.12968 11.17378 1 1043
"5659" 59.86129 10.75094 1 2462
"3723" 59.13422 11.04977 1 1072
"4867" 59.52601 10.2812 1 2004
"3726" 59.1346 10.28474 1 1075
"3061" 59.05497 10.96094 1 491
"5438" 59.74659 10.24677 1 2330
"3983" 59.17375 10.85768 1 1305
"3252" 59.07786 10.39104 1 666
"4944" 59.55594 10.65075 1 2070
"4591" 59.39237 10.51937 1 1821
"3261" 59.07914 10.96576 1 674
"2797" 59.0147 9.848724 1 246
"2840" 59.02292 10.20675 1 286
"5464" 59.76346 10.49765 1 2352
"4509" 59.32357 10.64174 1 1761
"2882" 59.02924 9.802019 1 326
"5311" 59.69719 10.60396 1 2236
"2668" 58.98978 10.05615 1 132
"3859" 59.15596 11.10839 1 1195
"2281" 58.88637 9.612186 1 8
"3611" 59.12076 11.13536 1 984
"4162" 59.20517 10.89664 1 1464
"3195" 59.07163 10.85123 1 614
"5044" 59.60819 10.64892 1 2122
"3906" 59.1625 10.38131 1 1238
"5814" 59.90163 10.60468 1 2588
"3194" 59.07127 11.03659 1 613
"3516" 59.10991 10.26077 1 904
"2873" 59.02845 11.07985 1 317
"4854" 59.52167 10.31753 1 1992
"4231" 59.21823 10.75346 1 1524
"3057" 59.05412 9.759806 1 487
"4593" 59.39509 10.64742 1 1823
"3380" 59.09415 10.22136 1 785
"4450" 59.30051 10.65982 1 1707
"5510" 59.80047 10.70444 1 2373
"5176" 59.66305 10.58457 1 2170
"5174" 59.66287 10.62547 1 2168
"4390" 59.2647 10.40417 1 1658
"4461" 59.30643 10.77497 1 1717
"5629" 59.85346 10.65052 1 2438
"5468" 59.7672 10.73448 1 2355
"3922" 59.16503 10.98526 1 1251
"2571" 58.96999 9.99305 1 64
"4897" 59.53314 10.3827 1 2031
"5009" 59.58741 10.61603 1 2105
"2948" 59.04015 10.89141 1 387
"3704" 59.1312 10.41719 1 1055
"3296" 59.08433 9.715606 1 709
"5370" 59.7162 10.36907 1 2277
"2528" 58.9613 9.677996 1 37
"3942" 59.16786 10.79874 1 1268
"4311" 59.24041 10.43029 1 1589
"2807" 59.01748 10.06948 1 255
"3681" 59.12775 11.21983 1 1036
"3138" 59.06453 10.43146 1 560
"3014" 59.04892 10.92696 1 447
"3511" 59.10951 9.716725 1 899
"5792" 59.89405 10.75346 1 2572
"2878" 59.02889 9.726353 1 322
"5837" 59.91686 10.69105 1 2603
"3485" 59.10622 10.45332 1 878
"4962" 59.56247 10.26635 1 2080
"3842" 59.15312 11.17622 1 1178
"4233" 59.21889 10.33872 1 1526
"4097" 59.19356 10.36333 1 1405
"4135" 59.20005 10.7672 1 1440
"3917" 59.1641 10.45815 1 1247
"5654" 59.85995 10.78452 1 2459
"4846" 59.51888 10.45456 1 1984
"4267" 59.22692 10.37568 1 1553
"3318" 59.0865 11.05265 1 729
"5040" 59.60699 10.44121 1 2120
"5375" 59.71966 10.55349 1 2280
"3872" 59.1572 10.33851 1 1207
"4522" 59.33025 10.75124 1 1771
"3402" 59.09716 10.38155 1 804
"3684" 59.12789 10.36294 1 1038
"3663" 59.12658 10.91841 1 1020
"3927" 59.16598 11.01788 1 1255
"3323" 59.08694 10.45797 1 733
"3071" 59.05579 10.23058 1 498
"3664" 59.12659 10.24131 1 1021
"4785" 59.48956 10.32261 1 1946
"4635" 59.43336 10.4972 1 1854
"4683" 59.44876 10.61612 1 1893
"3148" 59.06567 9.629255 1 570
"2718" 59.00215 11.0393 1 178
"4607" 59.41702 10.4977 1 1829
"4407" 59.2709 10.49188 1 1673
"4001" 59.17702 10.49221 1 1319
"3054" 59.05394 9.679514 1 484
"4638" 59.43493 10.65305 1 1856
"4724" 59.46509 10.65971 1 1914
"5083" 59.62821 10.4069 1 2143
"2859" 59.02619 10.09533 1 303
"4014" 59.17949 11.18845 1 1331
"3434" 59.10048 10.8583 1 833
"2969" 59.04388 9.736047 1 406
"4652" 59.43967 10.45923 1 1866
"2753" 59.00807 10.13915 1 206
"2965" 59.04365 10.98949 1 402
"4018" 59.18006 10.96782 1 1335
"3761" 59.1411 10.49575 1 1106
"4696" 59.45342 10.44424 1 1904
"4207" 59.21376 10.56229 1 1504
"2932" 59.03806 10.17284 1 372
"2879" 59.02893 10.01906 1 323
"3521" 59.11019 10.93798 1 908
"5626" 59.85172 10.53826 1 2436
"5550" 59.82064 10.61898 1 2390
"4028" 59.18201 10.52716 1 1344
"5506" 59.79476 10.73276 1 2370
"3780" 59.14394 10.9403 1 1122
"3126" 59.06277 10.90202 1 550
"4343" 59.24952 10.73557 1 1618
"4713" 59.46069 10.35685 1 1910
"3418" 59.09894 10.28341 1 819
"4923" 59.54675 10.41924 1 2053
"5576" 59.82846 10.76111 1 2401
"5078" 59.62664 10.60651 1 2141
"4530" 59.33423 10.71808 1 1775
"5281" 59.69161 10.31648 1 2219
"2696" 58.9966 9.772792 1 157
"4042" 59.18396 11.15816 1 1355
"5420" 59.73879 10.72605 1 2315
"4008" 59.17842 10.3922 1 1326
"3058" 59.05427 10.16527 1 488
"3389" 59.09548 11.19987 1 792
"4558" 59.36196 10.6713 1 1797
"4454" 59.3041 10.72126 1 1711
"4069" 59.18849 10.85792 1 1381
"4875" 59.52746 10.68983 1 2010
"5592" 59.83582 10.46926 1 2411
"3102" 59.05984 10.52498 1 527
"2709" 58.99967 9.730276 1 169
"3201" 59.07194 9.786339 1 620
"3295" 59.08431 10.93032 1 708
"4179" 59.20879 10.93864 1 1479
"4339" 59.2481 10.76948 1 1615
"3627" 59.12232 9.604227 1 999
"4688" 59.45006 10.40073 1 1898
"3746" 59.13792 11.10333 1 1093
"5790" 59.89371 10.71537 1 2570
"3087" 59.05784 11.07639 1 512
"2678" 58.99209 9.803012 1 142
"4367" 59.2588 10.37341 1 1638
"5114" 59.64228 10.42894 1 2153
"4270" 59.22803 10.72965 1 1555
"4149" 59.20277 10.801 1 1452
"2625" 58.98144 9.842269 1 106
"4455" 59.3041 10.68996 1 1712
"4031" 59.18233 10.8158 1 1347
"3266" 59.07978 10.27867 1 679
"4156" 59.20445 10.48966 1 1459
"2811" 59.01788 11.01429 1 259
"4237" 59.21985 10.50811 1 1530
"2918" 59.03548 11.1066 1 361
"4529" 59.33382 10.66318 1 1774
"4446" 59.29446 10.52109 1 1703
"5027" 59.5976 10.4043 1 2115
"3768" 59.14215 10.34231 1 1112
"5357" 59.71152 10.60003 1 2264
"5621" 59.85001 10.49395 1 2431
"4876" 59.52777 10.5131 1 2011
"2669" 58.98983 9.708995 1 133
"4577" 59.37872 10.51364 1 1811
"2572" 58.97028 9.911335 1 65
"5138" 59.64816 10.6337 1 2158
"5269" 59.68848 10.6247 1 2212
"4891" 59.53215 10.33435 1 2025
"3075" 59.05605 10.29925 1 502
"2722" 59.00251 10.04022 1 182
"2493" 58.94064 9.624826 1 23
"5346" 59.70666 10.53672 1 2254
"4480" 59.31516 10.75353 1 1735
"2782" 59.0121 11.09324 1 231
"2919" 59.03574 10.12367 1 362
"3883" 59.15933 11.14741 1 1218
"4155" 59.20429 10.34466 1 1458
"2704" 58.99825 11.08425 1 164
"3391" 59.0959 11.0332 1 794
"3173" 59.06871 10.98165 1 593
"4782" 59.48839 10.64152 1 1944
"5653" 59.85989 10.67659 1 2458
"3063" 59.05522 9.704891 1 493
"2993" 59.04637 9.801607 1 429
"5359" 59.71211 10.26734 1 2266
"4425" 59.2805 10.73821 1 1689
"2556" 58.96715 9.839514 1 53
"2985" 59.04536 10.04255 1 421
"5466" 59.76488 10.58583 1 2354
"4976" 59.56812 10.40729 1 2089
"2606" 58.97694 9.702925 1 92
"5246" 59.68265 10.52998 1 2199
"2801" 59.016 9.818468 1 250
"2663" 58.98923 9.658507 1 128
"5278" 59.6915 10.40725 1 2218
"4022" 59.18106 10.3294 1 1339
"4075" 59.18941 10.98491 1 1386
"5817" 59.90446 10.63863 1 2591
"4365" 59.25791 10.47717 1 1636
"5718" 59.87653 10.50443 1 2511
"5070" 59.62095 10.6482 1 2137
"2842" 59.02304 9.780374 1 288
"3449" 59.10248 10.24057 1 847
"3564" 59.11523 10.47086 1 947
"3846" 59.15363 10.36365 1 1182
"5415" 59.73714 10.58583 1 2311
"4817" 59.50264 10.36047 1 1965
"4938" 59.55204 10.28042 1 2064
"3618" 59.12172 9.648922 1 991
"3111" 59.06097 10.27457 1 535
"3316" 59.08637 10.90396 1 727
"2887" 59.03007 10.14634 1 331
"5663" 59.86301 10.58286 1 2466
"3143" 59.06507 9.653586 1 565
"5782" 59.89126 10.54519 1 2562
"4286" 59.23264 10.47242 1 1568
"5757" 59.88666 10.60244 1 2541
"4613" 59.41901 10.63205 1 1835
"4909" 59.5393 10.55955 1 2041
"4894" 59.53262 10.26055 1 2028
"2526" 58.96087 9.649422 1 36
"3736" 59.13576 10.44345 1 1083
"3613" 59.12119 10.38314 1 986
"3596" 59.11891 10.4233 1 973
"5470" 59.76821 10.71016 1 2357
"4560" 59.3637 10.46528 1 1798
"4266" 59.22594 10.77214 1 1552
"4651" 59.43898 10.38973 1 1865
"5820" 59.90571 10.71033 1 2593
"3290" 59.08332 10.99032 1 703
"5586" 59.83293 10.69665 1 2407
"4051" 59.18524 11.08871 1 1364
"2546" 58.96525 9.962456 1 46
"4174" 59.20771 11.07613 1 1475
"5235" 59.67949 10.58105 1 2192
"5574" 59.82783 10.49906 1 2400
"3377" 59.09405 9.647245 1 782
"3519" 59.11015 10.8729 1 906
"2894" 59.03148 11.01501 1 337
"5152" 59.6556 10.38694 1 2163
"3778" 59.14381 10.41509 1 1121
"3643" 59.12417 10.86763 1 1007
"4495" 59.31916 10.69978 1 1748
"3943" 59.16797 10.32818 1 1269
"5220" 59.6735 10.42809 1 2182
"4814" 59.50144 10.64695 1 1962
"3763" 59.14129 11.17917 1 1108
"3317" 59.08637 10.84133 1 728
"3441" 59.1018 11.21951 1 840
"4319" 59.2437 10.50357 1 1597
"5528" 59.81054 10.48534 1 2383
"4779" 59.48734 10.3969 1 1942
"3616" 59.12159 10.26479 1 989
"3994" 59.1759 10.94624 1 1314
"2963" 59.04349 9.771556 1 400
"5249" 59.6828 10.36467 1 2200
"4816" 59.50215 10.68299 1 1964
"4709" 59.45965 10.62475 1 1908
"5403" 59.73171 10.51968 1 2300
"5728" 59.87947 10.62382 1 2519
"2661" 58.98899 10.03352 1 126
"4419" 59.27635 10.39733 1 1684
"3396" 59.09628 10.40845 1 799
"3401" 59.09706 10.43115 1 803
"3549" 59.11352 11.11782 1 934
"3197" 59.07173 10.88648 1 616
"4755" 59.47749 10.35394 1 1929
"5723" 59.87826 10.5462 1 2516
"4293" 59.23465 10.70579 1 1574
"2592" 58.97331 9.863421 1 82
"3397" 59.09646 9.714643 1 800
"5418" 59.73833 10.3027 1 2313
"3469" 59.10465 10.34603 1 865
"4893" 59.53252 10.31055 1 2027
"3865" 59.15683 11.04289 1 1201
"5408" 59.73369 10.23343 1 2305
"2587" 58.9725 9.674784 1 77
"3167" 59.06791 10.45253 1 588
"4988" 59.57691 10.64803 1 2098
"4240" 59.22057 10.68883 1 1532
"3740" 59.13631 10.31244 1 1087
"5811" 59.90041 10.66651 1 2585
"4624" 59.42722 10.58872 1 1843
"3635" 59.12346 10.22047 1 1004
"2952" 59.04107 11.03962 1 390
"3211" 59.07295 9.715559 1 628
"4092" 59.19293 10.46615 1 1401
"3996" 59.17599 11.00841 1 1316
"3984" 59.17376 10.44742 1 1306
"4598" 59.4071 10.65095 1 1826
"3960" 59.17034 10.82138 1 1284
"2676" 58.99144 11.03452 1 140
"2768" 59.00982 10.11599 1 218
"3155" 59.06667 10.22782 1 576
"3731" 59.13524 11.13492 1 1079
"3269" 59.08008 10.3033 1 682
"4402" 59.26924 10.72383 1 1669
"4215" 59.21496 10.45898 1 1510
"3721" 59.13398 11.07095 1 1070
"2613" 58.9783 10.00798 1 97
"3858" 59.15595 10.89822 1 1194
"4345" 59.25108 10.42682 1 1620
"4768" 59.48326 10.66865 1 1937
"3698" 59.13023 11.03022 1 1049
"3043" 59.05227 9.783773 1 475
"5794" 59.89466 10.5869 1 2574
"5285" 59.69222 10.56359 1 2221
"4954" 59.56051 10.23742 1 2076
"4189" 59.21073 10.54045 1 1488
"3147" 59.06565 10.95855 1 569
"2888" 59.03026 11.05577 1 332
"3783" 59.14461 11.12025 1 1125
"2838" 59.02267 10.18491 1 284
"4100" 59.19432 10.81368 1 1408
"4985" 59.57251 10.42975 1 2096
"4306" 59.23907 10.73149 1 1585
"4353" 59.25265 10.45107 1 1625
"3253" 59.07824 10.44003 1 667
"4487" 59.31701 10.7754 1 1740
"3932" 59.1664 11.11167 1 1260
"5026" 59.59693 10.4348 1 2114
"3077" 59.05621 9.738611 1 503
"3649" 59.12471 10.29197 1 1011
"3277" 59.08135 11.08529 1 690
"5227" 59.67566 10.62508 1 2186
"3914" 59.16389 10.43775 1 1244
"3921" 59.16501 10.36157 1 1250
"4323" 59.24453 10.68796 1 1601
"4587" 59.38691 10.53675 1 1818
"3637" 59.12369 11.0679 1 1005
"5507" 59.79566 10.60811 1 2371
"3992" 59.17504 10.88407 1 1312
"4917" 59.54328 10.39181 1 2048
"5267" 59.68806 10.59248 1 2210
"2988" 59.04561 10.87409 1 424
"5067" 59.61891 10.43276 1 2135
"5705" 59.87429 10.75536 1 2501
"3725" 59.13444 10.93103 1 1074
"5676" 59.86665 10.76933 1 2478
"3591" 59.11829 10.35014 1 969
"3330" 59.08811 10.2896 1 739
"4765" 59.48243 10.62566 1 1934
"2773" 59.01079 9.784154 1 223
"3472" 59.10484 10.3041 1 867
"3814" 59.14802 11.00634 1 1154
"4039" 59.18363 10.36119 1 1353
"3348" 59.09039 10.96945 1 755
"4012" 59.17913 10.90424 1 1329
"3327" 59.08777 10.39855 1 737
"3760" 59.14065 11.0351 1 1105
"3479" 59.10554 10.83472 1 873
"5312" 59.69831 10.62374 1 2237
"3514" 59.1097 10.91888 1 902
"3614" 59.12147 10.94116 1 987
"3106" 59.06018 10.92459 1 530
"4855" 59.5221 10.66899 1 1993
"4153" 59.20351 10.50863 1 1456
"3300" 59.08499 10.94926 1 713
"3646" 59.12443 11.1073 1 1010
"5440" 59.74739 10.26605 1 2332
"2717" 59.0014 9.817808 1 177
"3154" 59.06644 10.39215 1 575
"3274" 59.08055 9.698181 1 687
"3165" 59.06768 11.0881 1 586
"4906" 59.53793 10.4114 1 2039
"5158" 59.65724 10.60154 1 2164
"4790" 59.49086 10.6832 1 1948
"4658" 59.44087 10.47816 1 1872
"2786" 59.01364 10.08806 1 235
"2979" 59.04482 11.09315 1 415
"4439" 59.29148 10.67368 1 1698
"5839" 59.91995 10.67263 1 2605
"3242" 59.0769 11.05186 1 657
"2827" 59.02112 9.737092 1 273
"5806" 59.89916 10.7309 1 2582
"5396" 59.72884 10.73291 1 2296
"3585" 59.11781 9.620446 1 964
"3758" 59.14016 10.95719 1 1103
"4366" 59.25846 10.74427 1 1637
"2812" 59.0179 11.06467 1 260
"4834" 59.51342 10.35602 1 1977
"3119" 59.06213 10.41161 1 543
"4751" 59.47452 10.65926 1 1927
"4543" 59.34368 10.75456 1 1785
"4836" 59.51428 10.29307 1 1979
"3622" 59.12208 11.18458 1 995
"5306" 59.69623 10.53642 1 2232
"5746" 59.88391 10.76123 1 2533
"2228" 58.87727 9.600691 1 4
"3499" 59.10784 10.95555 1 891
"2850" 59.02489 9.830652 1 295
"5497" 59.78639 10.59683 1 2367
"2940" 59.03898 10.02476 1 379
"5818" 59.90494 10.75151 1 2592
"4183" 59.2093 10.76767 1 1482
"5648" 59.85837 10.52219 1 2453
"3311" 59.08596 9.614849 1 722
"5666" 59.86369 10.56457 1 2469
"3282" 59.08217 9.791478 1 695
"3301" 59.08517 10.21749 1 714
"5369" 59.71611 10.31932 1 2276
"5699" 59.87215 10.58363 1 2497
"3531" 59.1109 10.27978 1 918
"2617" 58.9787 9.986235 1 100
"2846" 59.0241 9.756165 1 292
"4393" 59.26539 10.38567 1 1661
"5503" 59.79396 10.50283 1 2369
"4370" 59.26006 10.4194 1 1641
"2994" 59.04655 10.96749 1 430
"3477" 59.10548 10.49136 1 871
"3491" 59.10709 10.77035 1 884
"3571" 59.11662 11.21433 1 953
"3192" 59.07076 10.27727 1 611
"4354" 59.25312 10.38716 1 1626
"3929" 59.16616 10.39739 1 1257
"3237" 59.07587 10.25918 1 653
"2766" 59.00942 9.83045 1 216
"2916" 59.03535 9.741702 1 359
"4800" 59.4953 10.30895 1 1953
"3215" 59.07323 10.42548 1 632
"5106" 59.63879 10.6043 1 2152
"4969" 59.56494 10.65151 1 2086
"3489" 59.10696 10.43587 1 882
"2750" 59.0077 10.16055 1 203
"4192" 59.21149 10.91308 1 1491
"3193" 59.07102 10.31485 1 612
"3367" 59.09244 11.24055 1 773
"2910" 59.0341 9.816645 1 353
"4625" 59.42725 10.63895 1 1844
"2885" 59.02939 10.0671 1 329
"5393" 59.72786 10.5714 1 2293
"4586" 59.38676 10.65361 1 1817
"2706" 58.99883 9.791723 1 166
"5353" 59.71056 10.35545 1 2260
"5025" 59.59666 10.65554 1 2113
"5596" 59.83793 10.49244 1 2414
"5202" 59.66919 10.57194 1 2180
"4057" 59.18678 11.17864 1 1370
"3118" 59.06205 9.752147 1 542
"2841" 59.02298 11.09329 1 287
"5458" 59.76045 10.51407 1 2347
"3099" 59.05969 9.722004 1 524
"4600" 59.41006 10.48714 1 1827
"5011" 59.58893 10.39619 1 2107
"5301" 59.69586 10.58446 1 2228
"5660" 59.86205 10.65422 1 2463
"3856" 59.15577 10.44428 1 1192
"3891" 59.16051 11.16632 1 1224
"2692" 58.99486 11.06058 1 153
"5822" 59.90821 10.69364 1 2595
"5714" 59.87621 10.5293 1 2509
"3677" 59.12758 10.31173 1 1033
"3850" 59.15397 10.94999 1 1186
"5623" 59.85016 10.78102 1 2433
"4505" 59.3224 10.74325 1 1757
"3474" 59.10512 10.47364 1 869
"4095" 59.19323 10.8949 1 1403
"4285" 59.23242 10.43698 1 1567
"2735" 59.0052 9.770315 1 191
"4061" 59.18719 10.34141 1 1374
"4292" 59.23463 10.3835 1 1573
"3110" 59.06091 9.69215 1 534
"4668" 59.44349 10.65024 1 1880
"4045" 59.18425 10.95279 1 1358
"4990" 59.57816 10.61896 1 2099
"2586" 58.97247 9.971732 1 76
"2694" 58.99557 9.669939 1 155
"3026" 59.05034 10.88824 1 458
"3017" 59.04909 11.07855 1 450
"3284" 59.08282 11.06783 1 697
"4818" 59.50327 10.66615 1 1966
"5639" 59.85548 10.55367 1 2445
"2545" 58.96514 9.868664 1 45
"5535" 59.81233 10.70122 1 2384
"4545" 59.34481 10.47935 1 1787
"3341" 59.0891 10.27303 1 749
"5347" 59.70708 10.37822 1 2255
"5355" 59.71138 10.5226 1 2262
"4681" 59.44803 10.46236 1 1891
"3889" 59.16012 10.32181 1 1222
"5475" 59.77559 10.73202 1 2361
"3788" 59.14517 10.32242 1 1130
"2810" 59.01767 10.10251 1 258
"4456" 59.30465 10.52064 1 1713
"5148" 59.65236 10.42872 1 2160
"4493" 59.31886 10.65547 1 1746
"5706" 59.8744 10.56114 1 2502
"3979" 59.17357 10.46388 1 1301
"4766" 59.48252 10.68904 1 1935
"3258" 59.07854 10.4591 1 672
"5456" 59.7596 10.72736 1 2345
"2913" 59.0349 11.09034 1 356
"3851" 59.15439 11.13419 1 1187
"4406" 59.27057 10.42919 1 1672
"5419" 59.73866 10.2861 1 2314
"3448" 59.10243 9.651047 1 846
"5553" 59.82114 10.75311 1 2392
"4941" 59.5551 10.41976 1 2067
"2914" 59.03492 9.71518 1 357
"2981" 59.04493 10.16377 1 417
"4502" 59.32103 10.52381 1 1754
"3559" 59.11449 10.45427 1 942
"4890" 59.53187 10.35064 1 2024
"4262" 59.22566 10.46376 1 1548
"5373" 59.7183 10.56962 1 2279
"5441" 59.74776 10.72758 1 2333
"3356" 59.09132 10.93877 1 762
"2320" 58.8962 9.640319 1 10
"3819" 59.1486 11.15604 1 1158
"3876" 59.15776 11.01868 1 1211
"2927" 59.03725 10.04527 1 368
"4957" 59.5615 10.39706 1 2078
"4887" 59.5311 10.36706 1 2021
"4314" 59.24146 10.44616 1 1592
"2867" 59.02774 10.11473 1 311
"2576" 58.97117 9.93232 1 68
"5472" 59.77134 10.5019 1 2359
"4138" 59.20041 10.94414 1 1443
"5302" 59.69605 10.29951 1 2229
"2695" 58.99564 9.754209 1 156
"4920" 59.54495 10.65702 1 2050
"2928" 59.03738 10.96529 1 369
"3218" 59.07378 9.629383 1 635
"4731" 59.46708 10.67827 1 1917
"3362" 59.092 10.44344 1 768
"3583" 59.1178 10.90879 1 963
"5068" 59.61937 10.40912 1 2136
"3492" 59.10726 9.701651 1 885
"2666" 58.98962 9.845105 1 130
"4879" 59.52932 10.66193 1 2014
"4655" 59.44035 10.44346 1 1869
"5192" 59.66835 10.59656 1 2175
"2941" 59.03912 11.05538 1 380
"3638" 59.12372 9.631087 1 1006
"4852" 59.52104 10.43452 1 1990
"4104" 59.19458 10.77865 1 1411
"3513" 59.10962 10.37942 1 901
"4512" 59.32479 10.71093 1 1764
"3773" 59.1425 10.28728 1 1117
"4970" 59.56514 10.25148 1 2087
"3667" 59.12679 10.43014 1 1024
"3869" 59.157 10.42892 1 1205
"3803" 59.14692 10.35477 1 1145
"3038" 59.0516 10.98879 1 470
"4090" 59.19179 11.15397 1 1399
"4862" 59.52429 10.33653 1 1999
"3053" 59.05365 10.2805 1 483
"3373" 59.09302 10.9995 1 778
"4142" 59.20129 10.3666 1 1445
"3463" 59.10424 11.20493 1 859
"4449" 59.29986 10.67518 1 1706
"4615" 59.42195 10.61673 1 1837
"4725" 59.4657 10.63466 1 1915
"3415" 59.09852 10.25379 1 816
"3213" 59.07314 10.95395 1 630
"3086" 59.05756 9.660417 1 511
"4660" 59.44138 10.61084 1 1873
"2889" 59.03029 10.21198 1 333
"5567" 59.82663 10.62898 1 2396
"2728" 59.00364 9.749448 1 186
"4032" 59.18254 10.99216 1 1348
"3752" 59.13913 10.91294 1 1098
"2911" 59.03414 10.15973 1 354
"3156" 59.06685 10.5183 1 577
"3010" 59.04817 9.669301 1 443
"5754" 59.88594 10.72186 1 2539
"4531" 59.33434 10.48696 1 1776
"3097" 59.05966 10.25966 1 522
"2594" 58.97361 10.13806 1 84
"4310" 59.24013 10.76551 1 1588
"4463" 59.30692 10.66844 1 1718
"2962" 59.04324 10.93721 1 399
"2961" 59.04284 11.11134 1 398
"4473" 59.31264 10.71804 1 1728
"4115" 59.19625 10.34288 1 1422
"3041" 59.05205 9.724296 1 473
"5755" 59.88597 10.74643 1 2540
"3828" 59.15059 11.1904 1 1167
"2830" 59.02165 10.02589 1 276
"5230" 59.6771 10.37487 1 2188
"4264" 59.22567 10.74392 1 1550
"5273" 59.68974 10.60761 1 2214
"3820" 59.14903 10.3357 1 1159
"3331" 59.08821 9.69871 1 740
"5245" 59.68258 10.41698 1 2198
"4700" 59.45634 10.67233 1 1906
"2500" 58.9473 9.632076 1 26
"4945" 59.55614 10.59224 1 2071
"4511" 59.32397 10.68068 1 1763
"4739" 59.47009 10.35744 1 1919
"3729" 59.13523 10.35913 1 1077
"4833" 59.51235 10.64837 1 1976
"3232" 59.07542 10.22715 1 648
"5034" 59.60395 10.41289 1 2118
"5275" 59.69044 10.5249 1 2216
"5021" 59.59493 10.61755 1 2112
"4382" 59.26336 10.49094 1 1651
"3020" 59.04973 10.02917 1 452
"2789" 59.01387 9.769501 1 238
"5097" 59.63538 10.4024 1 2149
"4148" 59.20223 10.56466 1 1451
"4102" 59.1944 10.79909 1 1410
"5604" 59.84144 10.69413 1 2420
"4908" 59.53817 10.3202 1 2040
"3835" 59.15139 11.20511 1 1173
"4464" 59.30844 10.75979 1 1719
"4470" 59.31113 10.69473 1 1725
"3108" 59.06081 9.640182 1 532
"2511" 58.95034 9.609205 1 28
"3844" 59.15322 10.82499 1 1180
"2737" 59.00558 11.08624 1 192
"3230" 59.07498 9.647461 1 646
"3659" 59.12635 9.616283 1 1017
"3553" 59.11356 11.13855 1 938
"5513" 59.80204 10.73508 1 2375
"3005" 59.04735 9.748666 1 438
"4630" 59.42977 10.45915 1 1849
"2581" 58.97186 9.692676 1 73
"3241" 59.07636 10.87398 1 656
"4341" 59.24933 10.47431 1 1617
"5793" 59.89444 10.67497 1 2573
"3427" 59.1 10.4442 1 826
"4477" 59.31453 10.78888 1 1732
"5474" 59.77523 10.71425 1 2360
"4372" 59.26047 10.73053 1 1643
"3999" 59.1767 11.15643 1 1318
"2792" 59.01437 10.13197 1 241
"4562" 59.36678 10.53416 1 1799
"5587" 59.83298 10.77247 1 2408
"2808" 59.01748 11.02837 1 256
"3073" 59.05598 10.44229 1 500
"4564" 59.37133 10.46169 1 1801
"2560" 58.96822 9.663475 1 56
"5502" 59.79324 10.70453 1 2368
"4166" 59.20601 10.47592 1 1468
"3459" 59.10398 11.12196 1 857
"3248" 59.07754 10.93507 1 662
"3027" 59.05038 9.694547 1 459
"5082" 59.62793 10.64428 1 2142
"4302" 59.23754 10.45922 1 1581
"3612" 59.12078 10.36467 1 985
"4563" 59.36687 10.66109 1 1800
"3713" 59.13239 11.09322 1 1063
"4868" 59.52604 10.49947 1 2005
"4686" 59.44926 10.43286 1 1896
"2714" 59.00036 11.06937 1 174
"3621" 59.12204 10.46679 1 994
"5338" 59.70441 10.59922 1 2250
"5037" 59.60474 10.61377 1 2119
"5688" 59.8693 10.51018 1 2487
"3904" 59.16226 10.41359 1 1236
"4538" 59.33969 10.7301 1 1781
"4043" 59.18396 10.48932 1 1356
"4134" 59.20001 10.78755 1 1439
"5425" 59.74074 10.23498 1 2319
"2989" 59.04563 10.23059 1 425
"3969" 59.17187 10.90383 1 1292
"3899" 59.16155 11.09994 1 1231
"5460" 59.76132 10.71333 1 2349
"4150" 59.20285 11.06612 1 1453
"5607" 59.84205 10.64336 1 2422
"3560" 59.1146 9.632675 1 943
"3985" 59.17393 11.10536 1 1307
"3959" 59.17019 10.3708 1 1283
"2632" 58.9828 10.95019 1 110
"5786" 59.89223 10.73304 1 2566
"5350" 59.70998 10.56378 1 2257
"4892" 59.53219 10.27472 1 2026
"3769" 59.14221 10.44871 1 1113
"5194" 59.66859 10.43792 1 2177
"4329" 59.24618 10.38564 1 1607
"3255" 59.07834 11.0386 1 669
"2552" 58.96567 9.852715 1 50
"2805" 59.01661 11.10353 1 253
"3236" 59.07584 10.29198 1 652
"2658" 58.98849 9.694627 1 124
"4225" 59.21682 10.35166 1 1518
"3481" 59.10565 10.84928 1 875
"5614" 59.84793 10.52669 1 2426
"4621" 59.42559 10.48341 1 1842
"2799" 59.01554 9.746862 1 248
"4966" 59.56396 10.60853 1 2084
"2747" 59.00743 11.048 1 200
"4235" 59.21968 10.70222 1 1528
"4610" 59.41789 10.59089 1 1832
"3894" 59.16064 11.11911 1 1226
"2824" 59.02022 9.840533 1 271
"4167" 59.20606 10.95187 1 1469
"4925" 59.54735 10.56963 1 2054
"4850" 59.52069 10.68227 1 1988
"3064" 59.05542 10.91491 1 494
"4693" 59.45147 10.65605 1 1901
"4567" 59.37302 10.52117 1 1804
"2829" 59.02142 11.0761 1 275
"4062" 59.18756 10.90244 1 1375
"3947" 59.1687 10.84864 1 1272
"4412" 59.27368 10.73687 1 1677
"4534" 59.33652 10.74583 1 1778
"3183" 59.06969 9.744721 1 602
"3091" 59.05832 9.777612 1 516
"3251" 59.07786 10.89233 1 665
"5650" 59.85894 10.49424 1 2455
"5382" 59.72264 10.31267 1 2284
"2872" 59.02844 11.1012 1 316
"4122" 59.1976 10.49619 1 1428
"5262" 59.68552 10.56594 1 2207
"4325" 59.24485 10.70236 1 1603
"2491" 58.93918 9.603655 1 21
"2980" 59.04486 10.06547 1 416
"4427" 59.28074 10.50172 1 1690
"5765" 59.88773 10.70884 1 2547
"4740" 59.4701 10.34412 1 1920
"4458" 59.30503 10.73437 1 1714
"2756" 59.00817 9.852128 1 209
"4851" 59.52098 10.47414 1 1989
"4212" 59.21449 10.92816 1 1507
"3003" 59.04714 9.656397 1 437
"5053" 59.61223 10.43122 1 2128
"3326" 59.0877 11.03981 1 736
"3346" 59.09018 10.41565 1 753
"5684" 59.86857 10.78212 1 2484
"2547" 58.96545 9.688872 1 47
"3208" 59.07285 9.729696 1 626
"4554" 59.35588 10.66584 1 1793
"3149" 59.06591 9.797774 1 571
"3122" 59.06253 10.30245 1 546
"3801" 59.14681 10.957 1 1143
"3578" 59.11715 10.27537 1 958
"5361" 59.71339 10.54912 1 2268
"2612" 58.97813 9.965086 1 96
"3047" 59.05286 9.799158 1 478
"3231" 59.07514 11.08965 1 647
"4003" 59.17753 10.8682 1 1321
"4055" 59.18624 10.97226 1 1368
"3468" 59.1045 10.93161 1 864
"4451" 59.30231 10.76437 1 1708
"5293" 59.69323 10.39474 1 2226
"4067" 59.18833 10.52377 1 1379
"5371" 59.71728 10.58893 1 2278
"4068" 59.18838 11.07701 1 1380
"3388" 59.09503 11.21257 1 791
"4582" 59.38582 10.51933 1 1815
"4276" 59.23042 10.76283 1 1559
"2553" 58.96627 9.901353 1 51
"4369" 59.25976 10.78357 1 1640
"3864" 59.15631 10.91089 1 1200
"4654" 59.43986 10.66141 1 1868
"5150" 59.65462 10.63205 1 2162
"3753" 59.13914 10.32718 1 1099
"5344" 59.70588 10.55295 1 2252
"2365" 58.90323 9.641557 1 15
"3526" 59.11049 11.21025 1 913
"4434" 59.28764 10.74094 1 1695
"4184" 59.21009 10.7954 1 1483
"2820" 59.01972 10.08391 1 267
"3569" 59.11644 10.8755 1 951
"2767" 59.00949 10.0382 1 217
"4076" 59.19003 11.16601 1 1387
"2852" 59.02523 11.01778 1 297
"2950" 59.04043 10.13215 1 389
"3285" 59.08286 9.62574 1 698
"5778" 59.89068 10.52821 1 2558
"4881" 59.53028 10.52468 1 2016
"5732" 59.88075 10.56256 1 2522
"4352" 59.25238 10.77874 1 1624
"4404" 59.2701 10.37724 1 1670
"2693" 58.99527 9.814407 1 154
"4030" 59.18207 11.00472 1 1346
"3393" 59.09612 10.24018 1 796
"2689" 58.9942 10.04049 1 150
"2711" 58.9998 9.805858 1 171
"5252" 59.68423 10.61373 1 2202
"5602" 59.84113 10.48164 1 2418
"2890" 59.03037 10.94449 1 334
"2778" 59.01163 11.05738 1 228
"3699" 59.13059 11.10982 1 1050
"2575" 58.97101 9.824124 1 67
"4847" 59.52028 10.28936 1 1985
"5314" 59.69878 10.55519 1 2238
"2609" 58.97746 9.832844 1 94
"5645" 59.85746 10.56595 1 2450
"4519" 59.32821 10.66865 1 1769
"3696" 59.12993 9.633141 1 1048
"4105" 59.19467 10.51821 1 1412
"3421" 59.09925 10.22838 1 821
"3672" 59.12726 10.38042 1 1029
"5400" 59.73054 10.24405 1 2298
"3653" 59.1254 10.93181 1 1014
"4272" 59.22855 10.70354 1 1556
"2561" 58.96827 9.889975 1 57
"5824" 59.90926 10.72224 1 2597
"3123" 59.06256 10.98011 1 547
"4124" 59.19784 10.45878 1 1430
"5093" 59.63372 10.43101 1 2146
"5241" 59.68184 10.62566 1 2196
"5731" 59.88055 10.60066 1 2521
"3950" 59.1691 10.34763 1 1275
"5328" 59.70209 10.52852 1 2245
"2698" 58.99706 9.741104 1 159
"4224" 59.21665 10.52704 1 1517
"3790" 59.14531 11.10834 1 1132
"3873" 59.1575 10.37432 1 1208
"5175" 59.66298 10.3802 1 2169
"5750" 59.88503 10.61422 1 2536
"3408" 59.09758 10.39344 1 810
"3135" 59.06402 10.44337 1 557
"4442" 59.29281 10.50263 1 1700
"3806" 59.14715 10.49718 1 1148
"5677" 59.86673 10.75638 1 2479
"3158" 59.06703 10.42068 1 579
"3631" 59.1226 10.23237 1 1000
"5779" 59.8909 10.61113 1 2559
"4244" 59.22193 10.78103 1 1534
"5830" 59.91316 10.70063 1 2599
"4430" 59.28309 10.74889 1 1692
"4290" 59.23363 10.74171 1 1571
"3222" 59.07415 10.86188 1 638
"2483" 58.9359 9.617601 1 19
"3452" 59.10279 10.77857 1 850
"3770" 59.14222 11.13149 1 1114
"3928" 59.16616 10.8314 1 1256
"4804" 59.49597 10.65181 1 1954
"3784" 59.14475 10.36563 1 1126
"4515" 59.32543 10.50659 1 1766
"4123" 59.19777 10.90247 1 1429
"4175" 59.20771 10.56002 1 1476
"4037" 59.18313 10.86306 1 1351
"2579" 58.97154 10.00421 1 71
"3981" 59.17365 10.33171 1 1303
"4048" 59.18453 10.87726 1 1361
"3733" 59.13538 11.18056 1 1081
"5546" 59.81778 10.48615 1 2389
"3305" 59.08569 10.96237 1 717
"3315" 59.08636 10.43979 1 726
"5805" 59.89893 10.63431 1 2581
"5761" 59.88703 10.55349 1 2543
"5072" 59.62277 10.44166 1 2138
"3863" 59.15627 11.15731 1 1199
"4033" 59.18259 10.9417 1 1349
"3424" 59.09959 10.41801 1 824
"2564" 58.96888 9.702596 1 59
"5521" 59.80683 10.4945 1 2380
"3085" 59.05749 10.98995 1 510
"3977" 59.17337 10.39822 1 1299
"5244" 59.68253 10.59717 1 2197
"5698" 59.87211 10.54153 1 2496
"5739" 59.88193 10.53698 1 2527
"3371" 59.09277 11.0235 1 776
"5713" 59.87621 10.61407 1 2508
"5571" 59.82708 10.69779 1 2398
"4469" 59.31031 10.68335 1 1724
"5333" 59.70271 10.63306 1 2247
"2877" 59.02883 9.749439 1 321
"4303" 59.2377 10.68617 1 1582
"3743" 59.13688 10.41445 1 1090
"2506" 58.94911 9.621311 1 27
"3937" 59.16698 10.44824 1 1264
"3268" 59.08 10.42921 1 681
"4581" 59.38177 10.47651 1 1814
"3310" 59.08595 9.801132 1 721
"3833" 59.15113 11.04049 1 1171
"3090" 59.05827 10.31016 1 515
"5261" 59.68548 10.35447 1 2206
"3404" 59.09726 10.30913 1 806
"3030" 59.0508 11.06649 1 462
"3963" 59.17132 10.95316 1 1286
"5404" 59.7322 10.5918 1 2301
"3109" 59.06084 10.22514 1 533
"5443" 59.74955 10.51298 1 2335
"3502" 59.10789 11.14064 1 894
"3130" 59.06315 10.99213 1 552
"4250" 59.22336 10.7586 1 1540
"2818" 59.0194 9.766323 1 265
"4880" 59.52999 10.41475 1 2015
"2907" 59.03399 10.22208 1 350
"5813" 59.90155 10.74126 1 2587
"4223" 59.21638 10.54214 1 1516
"3139" 59.06455 10.89149 1 561
"4826" 59.50867 10.63981 1 1972
"5349" 59.70767 10.2744 1 2256
"3124" 59.06263 11.08299 1 548
"4332" 59.24659 10.45095 1 1609
"3145" 59.06561 10.52906 1 567
"2205" 58.87283 9.608336 1 3
"5651" 59.85931 10.54534 1 2456
"2732" 59.0049 9.726021 1 188
"2619" 58.97877 10.03919 1 102
"5527" 59.81054 10.61538 1 2382
"4903" 59.53742 10.38999 1 2036
"3717" 59.1334 11.2204 1 1067
"5636" 59.85497 10.58461 1 2443
"3852" 59.15442 10.32892 1 1188
"4020" 59.18038 10.35031 1 1337
"5055" 59.61301 10.4198 1 2129
"4986" 59.57529 10.39127 1 2097
"4843" 59.51666 10.46477 1 1983
"5770" 59.88837 10.59174 1 2552
"2770" 59.01003 9.744511 1 220
"4874" 59.52729 10.31682 1 2009
"3829" 59.15063 10.90947 1 1168
"5407" 59.73342 10.22231 1 2304
"4841" 59.51632 10.34656 1 1982
"3843" 59.15314 11.0108 1 1179
"5452" 59.75501 10.58318 1 2343
"2702" 58.99807 11.05169 1 162
"4596" 59.40048 10.65032 1 1825
"2752" 59.00787 11.00724 1 205
"3184" 59.0697 10.46314 1 603
"3170" 59.06823 10.21742 1 590
"2902" 59.03321 10.02599 1 345
"2949" 59.04032 9.746599 1 388
"4416" 59.27572 10.38651 1 1681
"3590" 59.11825 10.22431 1 968
"4860" 59.52398 10.45016 1 1998
"3522" 59.11034 10.84345 1 909
"3146" 59.06563 10.28144 1 568
"3471" 59.10482 10.26511 1 866
"2763" 59.00898 10.10448 1 215
"4767" 59.48299 10.639 1 1936
"4674" 59.44621 10.40858 1 1884
"4181" 59.20911 10.46219 1 1481
"4717" 59.46196 10.67407 1 1912
"2871" 59.02822 9.776515 1 315
"4631" 59.42986 10.65746 1 1850
"2896" 59.03194 9.826555 1 339
"3989" 59.17468 10.38426 1 1309
"5674" 59.86575 10.53565 1 2476
"2845" 59.02387 10.0676 1 291
"4006" 59.17816 10.95772 1 1324
"2798" 59.01512 9.790789 1 247
"5809" 59.89971 10.75501 1 2584
"3702" 59.13119 10.44944 1 1053
"3411" 59.09785 10.27293 1 813
"5193" 59.66837 10.62545 1 2176
"3198" 59.07185 10.39404 1 617
"3730" 59.13523 10.43281 1 1078
"2551" 58.96566 9.973061 1 49
"2844" 59.02378 10.19623 1 290
"4392" 59.26537 10.73547 1 1660
"3993" 59.17533 11.18149 1 1313
"4226" 59.21717 10.55392 1 1519
"4472" 59.31163 10.77979 1 1727
"3451" 59.10264 10.9631 1 849
"5406" 59.73306 10.29979 1 2303
"4911" 59.54003 10.31007 1 2043
"3226" 59.07452 11.06221 1 642
"3527" 59.11054 10.42783 1 914
"4274" 59.22959 10.44611 1 1558
"3617" 59.12159 10.85826 1 990
"4497" 59.31982 10.78456 1 1750
"4810" 59.49974 10.30278 1 1960
"3267" 59.0799 10.22006 1 680
"4540" 59.34233 10.66279 1 1783
"3221" 59.07411 10.453 1 637
"4565" 59.37227 10.6622 1 1802
"5635" 59.85476 10.68011 1 2442
"5578" 59.82986 10.50904 1 2403
"3896" 59.161 11.17681 1 1228
"5591" 59.83496 10.50209 1 2410
"2631" 58.98268 9.673557 1 109
"2922" 59.03677 9.807548 1 365
"2862" 59.02677 11.00778 1 306
"3796" 59.14603 11.03523 1 1138
"4304" 59.23794 10.47421 1 1583
"5572" 59.82772 10.48839 1 2399
"5061" 59.61695 10.60946 1 2132
"5720" 59.87722 10.58706 1 2513
"4080" 59.19062 10.94026 1 1390
"2973" 59.04403 11.04826 1 409
"3588" 59.11821 10.44505 1 966
"4019" 59.18019 11.09209 1 1336
"3490" 59.10707 10.86442 1 883
"4475" 59.31298 10.72846 1 1730
"5445" 59.7496 10.25643 1 2337
"3830" 59.15068 11.14649 1 1169
"2635" 58.98411 10.03766 1 112
"2715" 59.00093 10.05007 1 175
"3539" 59.11198 10.8867 1 924
"4010" 59.17901 10.85629 1 1328
"4172" 59.20752 10.90621 1 1474
"3430" 59.10036 10.94794 1 829
"3359" 59.0916 9.710567 1 765
"4981" 59.57044 10.39793 1 2093
"4163" 59.20534 10.79089 1 1465
"3563" 59.11515 10.262 1 946
"3142" 59.06478 10.26246 1 564
"2972" 59.04398 10.88439 1 408
"3464" 59.10436 10.37896 1 860
"3132" 59.06354 10.91213 1 554
"3465" 59.10438 10.9214 1 861
"4263" 59.22566 10.36573 1 1549
"3426" 59.09998 10.49154 1 825
"4676" 59.44675 10.39275 1 1886
"4995" 59.58176 10.65193 1 2101
"3067" 59.05556 10.40611 1 495
"4815" 59.5018 10.37062 1 1963
"2755" 59.00813 10.14928 1 208
"2925" 59.03708 10.15135 1 367
"2895" 59.0315 10.05783 1 338
"4666" 59.44328 10.46664 1 1878
"4942" 59.55536 10.23911 1 2068
"3722" 59.13421 10.30314 1 1071
"4904" 59.53744 10.54995 1 2037
"4506" 59.32265 10.49796 1 1758
"5518" 59.80565 10.70559 1 2378
"3151" 59.06603 9.787656 1 572
"3902" 59.16201 10.97704 1 1234
"3152" 59.06622 10.31107 1 573
"4368" 59.25958 10.3834 1 1639
"5015" 59.59062 10.40583 1 2109
"4196" 59.21249 11.07994 1 1494
"3750" 59.13887 10.93841 1 1096
"2791" 59.01415 10.12144 1 240
"2251" 58.88098 9.607621 1 6
"3515" 59.10977 10.34479 1 903
"5012" 59.58908 10.43544 1 2108
"4675" 59.44644 10.65852 1 1885
"3975" 59.17296 10.80002 1 1297
"3853" 59.15479 11.02809 1 1189
"5693" 59.87069 10.55407 1 2491
"4806" 59.49702 10.68279 1 1956
"4699" 59.45609 10.36129 1 1905
"4357" 59.25557 10.72763 1 1629
"3826" 59.15038 11.10696 1 1165
"3314" 59.0862 10.4678 1 725
"5239" 59.68173 10.5483 1 2194
"2934" 59.03815 10.938 1 374
"2677" 58.99161 11.0444 1 141
"5763" 59.88719 10.63147 1 2545
"3837" 59.15184 10.98501 1 1174
"5356" 59.71141 10.37242 1 2263
"2705" 58.99843 9.848772 1 165
"4950" 59.55868 10.273 1 2073
"4344" 59.24954 10.37152 1 1619
"5700" 59.87261 10.77151 1 2498
"3920" 59.16444 10.37136 1 1249
"4929" 59.54948 10.289 1 2057
"3644" 59.12425 10.31911 1 1008
"2992" 59.04633 9.763457 1 428
"3581" 59.11773 11.12322 1 961
"4791" 59.49094 10.65111 1 1949
"5094" 59.63382 10.60598 1 2147
"3934" 59.16678 10.42371 1 1262
"3707" 59.13167 10.9392 1 1057
"2955" 59.04167 9.805393 1 393
"3007" 59.04758 9.780294 1 440
"4774" 59.48485 10.32597 1 1939
"4973" 59.56658 10.23199 1 2088
"5808" 59.8993 10.59586 1 2583
"3239" 59.07601 10.84655 1 655
"4471" 59.31137 10.76771 1 1726
"3737" 59.13583 11.03255 1 1084
"5617" 59.84857 10.64851 1 2428
"2875" 59.02869 10.10371 1 319
"5634" 59.85466 10.52882 1 2441
"3319" 59.08669 10.31213 1 730
"3013" 59.04864 9.685524 1 446
"4759" 59.47884 10.33238 1 1931
"4041" 59.18386 11.09859 1 1354
"4448" 59.29973 10.51946 1 1705
"5411" 59.73478 10.51198 1 2308
"3807" 59.14722 10.42208 1 1149
"3074" 59.05601 11.08532 1 501
"3686" 59.12883 10.28664 1 1039
"3762" 59.14117 11.14464 1 1107
"3233" 59.07563 9.690361 1 649
"3885" 59.15953 10.48023 1 1220
"5033" 59.60388 10.65368 1 2117
"2671" 58.99045 9.683112 1 135
"3881" 59.1592 10.45754 1 1216
"5381" 59.72186 10.2665 1 2283
"4413" 59.27403 10.72586 1 1678
"4928" 59.54909 10.65186 1 2056
"2522" 58.9569 9.628403 1 33
"5064" 59.61807 10.41844 1 2134
"4627" 59.42853 10.49564 1 1846
"4312" 59.2405 10.37731 1 1590
"4667" 59.44329 10.66826 1 1879
"4324" 59.24466 10.7366 1 1602
"3666" 59.12679 11.18206 1 1023
"5595" 59.83788 10.76947 1 2413
"4965" 59.5633 10.40858 1 2083
"3378" 59.09408 10.28373 1 783
"4566" 59.37294 10.65184 1 1803
"4209" 59.21389 10.35922 1 1505
"2998" 59.0469 9.728669 1 432
"4170" 59.2068 10.50169 1 1472
"3812" 59.14777 11.13243 1 1153
"4417" 59.27574 10.4919 1 1682
"4504" 59.32142 10.75251 1 1756
"3450" 59.10249 10.48308 1 848
"5647" 59.85821 10.51259 1 2452
"5409" 59.73396 10.72589 1 2306
"4580" 59.38117 10.65061 1 1813
"4077" 59.19054 10.8871 1 1388
"3601" 59.1194 10.93269 1 976
"4137" 59.20032 11.07412 1 1442
"4799" 59.4951 10.3734 1 1952
"3789" 59.14528 11.18442 1 1131
"4824" 59.50695 10.68229 1 1971
"5368" 59.71593 10.32884 1 2275
"2923" 59.03677 10.05456 1 366
"4982" 59.57098 10.24512 1 2094
"2749" 59.00765 9.791206 1 202
"4361" 59.2562 10.44475 1 1632
"3748" 59.13873 10.36553 1 1095
"5432" 59.74481 10.25709 1 2325
"4176" 59.20833 11.06687 1 1477
"4754" 59.47676 10.62429 1 1928
"4673" 59.44495 10.45516 1 1883
"5657" 59.86028 10.57504 1 2461
"5457" 59.76019 10.58397 1 2346
"5662" 59.86276 10.55525 1 2465
"4510" 59.32362 10.65479 1 1762
"4913" 59.54039 10.38264 1 2044
"5664" 59.86345 10.67028 1 2467
"3354" 59.09111 10.84236 1 760
"4245" 59.22198 10.45787 1 1535
"2864" 59.02732 9.762934 1 308
"4169" 59.20679 10.80589 1 1471
"4024" 59.18131 10.89432 1 1341
"4789" 59.49062 10.67183 1 1947
"4219" 59.2156 10.69732 1 1514
"3115" 59.06148 9.7305 1 539
"3615" 59.12155 11.01962 1 988
"5139" 59.64844 10.39036 1 2159
"3935" 59.16696 10.38425 1 1263
"3190" 59.07067 9.65114 1 609
"3032" 59.05097 9.742855 1 464
"3675" 59.12749 10.23236 1 1031
"3347" 59.09039 11.21385 1 754
"2995" 59.04684 9.64732 1 431
"3751" 59.139 10.28125 1 1097
"3573" 59.11696 11.14478 1 955
"3368" 59.09248 9.695043 1 774
"3919" 59.16441 11.00932 1 1248
"3339" 59.08902 10.91142 1 748
"3429" 59.1002 10.45326 1 828
"5798" 59.89654 10.72322 1 2576
"4379" 59.26208 10.4997 1 1649
"3822" 59.14936 10.94863 1 1161
"2673" 58.99055 9.856193 1 137
"3604" 59.1199 10.45875 1 979
"4738" 59.46996 10.66109 1 1918
"3374" 59.09347 10.39768 1 779
"3486" 59.10658 10.28314 1 879
"4287" 59.23292 10.46336 1 1569
"3423" 59.09938 11.1275 1 823
"4646" 59.43829 10.64674 1 1862
"2739" 59.00626 10.04555 1 194
"2943" 59.03922 9.711764 1 382
"2974" 59.04403 10.89634 1 410
"3250" 59.07776 10.95473 1 664
"5816" 59.90377 10.70195 1 2590
"4131" 59.19964 10.48809 1 1436
"2897" 59.03219 11.00614 1 340
"4213" 59.21459 10.34378 1 1508
"2602" 58.97601 9.870669 1 88
"4375" 59.26078 10.4283 1 1646
"3207" 59.07254 10.30639 1 625
"4087" 59.19138 10.33765 1 1396
"3967" 59.17149 11.01036 1 1290
"3951" 59.16914 10.91666 1 1276
"5075" 59.62385 10.41115 1 2139
"3131" 59.06337 9.699685 1 553
"3092" 59.05833 10.9043 1 517
"2710" 58.99976 9.779244 1 170
"2776" 59.01142 9.819037 1 226
"5585" 59.83211 10.47461 1 2406
"5426" 59.7411 10.58126 1 2320
"2614" 58.97832 10.95202 1 98
"3548" 59.11301 11.01332 1 933
"2814" 59.01875 9.832134 1 262
"5389" 59.72468 10.72915 1 2290
"4866" 59.5255 10.34656 1 2003
"4507" 59.32297 10.67196 1 1759
"4111" 59.19601 11.1506 1 1418
"5384" 59.72345 10.57364 1 2286
"3501" 59.10788 10.88057 1 893
"3787" 59.14507 10.43011 1 1129
"2492" 58.94052 9.612029 1 22
"5291" 59.69291 10.62285 1 2224
"4355" 59.25428 10.3736 1 1627
"3657" 59.12558 9.639093 1 1015
"5170" 59.66009 10.38788 1 2166
"5622" 59.85009 10.68172 1 2432
"3995" 59.17597 10.70868 1 1315
"4776" 59.48646 10.67526 1 1940
"2944" 59.03958 10.14074 1 383
"3484" 59.106 10.94117 1 877
"4005" 59.17779 10.46691 1 1323
"3597" 59.11902 9.64194 1 974
"2743" 59.00656 11.06037 1 196
"5721" 59.87738 10.7658 1 2514
"3223" 59.07416 11.04324 1 639
"5747" 59.88427 10.62471 1 2534
"4682" 59.44866 10.47107 1 1892
"2708" 58.99965 9.707817 1 168
"4251" 59.22351 10.69541 1 1541
"4401" 59.26894 10.40141 1 1668
"3006" 59.04742 11.11355 1 439
"5514" 59.80223 10.49546 1 2376
"5224" 59.6745 10.59959 1 2184
"3358" 59.09149 11.20372 1 764
"2813" 59.01846 10.18773 1 261
"5451" 59.75455 10.72188 1 2342
"4374" 59.26068 10.44519 1 1645
"4194" 59.21186 10.76059 1 1492
"2987" 59.04548 10.17232 1 423
"2822" 59.02001 9.814775 1 269
"4178" 59.20873 10.56843 1 1478
"4614" 59.42179 10.58677 1 1836
"4387" 59.26425 10.37731 1 1656
"5775" 59.8902 10.7578 1 2555
"3688" 59.12931 10.31965 1 1041
"4336" 59.24751 10.69433 1 1613
"5265" 59.68745 10.41073 1 2209
"3747" 59.13838 10.37809 1 1094
"3036" 59.05143 10.23186 1 468
"3709" 59.13191 10.43845 1 1059
"3254" 59.07828 11.06667 1 668
"4200" 59.2129 11.06182 1 1497
"3534" 59.11117 10.76714 1 921
"4762" 59.48119 10.34926 1 1933
"3140" 59.06459 10.9204 1 562
"3399" 59.09682 10.29087 1 801
"3297" 59.08468 10.26081 1 710
"4421" 59.27794 10.74516 1 1686
"4869" 59.52615 10.6816 1 2006
"4197" 59.21255 10.53003 1 1495
"2861" 59.02659 11.05117 1 305
"4201" 59.21305 10.78304 1 1498
"2881" 59.02909 9.840581 1 325
"5360" 59.71288 10.34813 1 2267
"3196" 59.07169 10.21093 1 615
"2954" 59.04166 10.01809 1 392
"3980" 59.17363 10.48689 1 1302
"4742" 59.47025 10.63296 1 1922
"3189" 59.07055 10.52781 1 608
"3022" 59.04979 10.87637 1 454
"4346" 59.25124 10.72763 1 1621
"2584" 58.97218 9.684314 1 74
"4436" 59.28879 10.6803 1 1697
"3433" 59.10044 10.92486 1 832
"3821" 59.14922 11.01713 1 1160
"5601" 59.84053 10.50234 1 2417
"3376" 59.09393 10.95485 1 781
"4157" 59.20472 10.94363 1 1460
"3203" 59.07218 10.22079 1 622
"3432" 59.10041 10.3034 1 831
"3178" 59.06913 9.719433 1 598
"5692" 59.87025 10.75144 1 2490
"3302" 59.08541 10.94093 1 715
"3283" 59.08223 10.9574 1 696
"5016" 59.59207 10.6518 1 2110
"3956" 59.16988 10.80611 1 1280
"3901" 59.16194 10.32937 1 1233
"2945" 59.0397 10.88314 1 384
"3144" 59.06532 10.92959 1 566
"5733" 59.88076 10.61478 1 2523
"3034" 59.05107 9.775501 1 466
"2983" 59.04518 11.03736 1 419
"4898" 59.53334 10.34275 1 2032
"5307" 59.69632 10.63121 1 2233
"3742" 59.13681 11.05635 1 1089
"3059" 59.05453 10.45006 1 489
"4408" 59.27123 10.4374 1 1674
"4269" 59.22772 10.68444 1 1554
"4133" 59.19999 10.45164 1 1438
"3453" 59.10303 9.702343 1 851
"2634" 58.9841 9.980684 1 111
"5434" 59.74527 10.58278 1 2327
"4716" 59.46193 10.65416 1 1911
"2585" 58.97221 9.986059 1 75
"3304" 59.08551 10.41736 1 716
"4004" 59.17776 10.48409 1 1322
"4015" 59.17951 10.35935 1 1332
"2675" 58.99066 11.06147 1 139
"3930" 59.16624 10.97738 1 1258
"5787" 59.89288 10.5793 1 2567
"3874" 59.15769 11.03486 1 1209
"2481" 58.93563 9.609468 1 18
"5729" 59.88011 10.55372 1 2520
"3361" 59.09186 11.00735 1 767
"5062" 59.61745 10.65279 1 2133
"5172" 59.66137 10.60306 1 2167
"3188" 59.07041 10.96015 1 607
"5641" 59.85625 10.50065 1 2447
"3008" 59.0478 10.26819 1 441
"2832" 59.02193 11.01216 1 278
"3160" 59.06718 11.0384 1 581
"3343" 59.0894 9.610234 1 751
"5711" 59.87616 10.53761 1 2506
"5427" 59.74188 10.72049 1 2321
"3256" 59.07844 9.795122 1 670
"3263" 59.07954 10.39846 1 676
"4029" 59.18202 11.08356 1 1345
"3632" 59.1227 10.42862 1 1001
"3438" 59.10111 10.43295 1 837
"3098" 59.05966 10.2335 1 523
"3625" 59.12224 9.615145 1 997
"2986" 59.04544 10.15201 1 422
"4295" 59.23492 10.75923 1 1576
"4145" 59.20169 10.49749 1 1448
"5128" 59.6461 10.43211 1 2156
"5625" 59.85099 10.58689 1 2435
"5433" 59.74527 10.28687 1 2326
"3056" 59.05399 11.07348 1 486
"4447" 59.29788 10.66605 1 1704
"2555" 58.96648 9.95482 1 52
"4147" 59.20207 10.90195 1 1450
"4320" 59.24416 10.43365 1 1598
"4299" 59.2363 10.42959 1 1578
"2860" 59.02629 10.13007 1 304
"3093" 59.0584 10.9565 1 518
"5180" 59.66513 10.57334 1 2171
"4486" 59.31689 10.52547 1 1739
"3982" 59.17372 11.16197 1 1304
"5781" 59.89109 10.55484 1 2561
"3609" 59.12064 11.21269 1 982
"3912" 59.16388 10.83805 1 1243
"5512" 59.80194 10.60927 1 2374
"4441" 59.29232 10.51059 1 1699
"4488" 59.31704 10.73557 1 1741
"5465" 59.7645 10.51287 1 2353
"2525" 58.96065 9.851513 1 35
"3550" 59.11352 10.44654 1 935
"4955" 59.56078 10.25902 1 2077
"3679" 59.12762 10.44558 1 1034
"2868" 59.02794 11.09334 1 312
"3558" 59.11449 10.35935 1 941
"3505" 59.10872 10.47735 1 896
"4465" 59.30886 10.52758 1 1720
"3961" 59.17055 11.09813 1 1285
"3015" 59.049 10.16404 1 448
"3903" 59.16209 11.02022 1 1235
"4460" 59.30632 10.68178 1 1716
"4618" 59.42474 10.62254 1 1840
"3831" 59.15078 11.1378 1 1170
"3877" 59.15784 10.94763 1 1212
"4883" 59.53048 10.26733 1 2018
"4628" 59.42907 10.47934 1 1847
"2903" 59.03325 9.748414 1 346
"3288" 59.08307 10.84588 1 701
"4476" 59.31306 10.76029 1 1731
"5672" 59.86524 10.74891 1 2475
"5421" 59.73925 10.29402 1 2316
"2843" 59.02344 9.766387 1 289
"3417" 59.09885 9.699792 1 818
"3493" 59.10734 11.11761 1 886
"5545" 59.81771 10.47814 1 2388
"5231" 59.67711 10.3669 1 2189
"3444" 59.10205 10.77087 1 842
"3454" 59.10332 10.42096 1 852
"3911" 59.16368 10.42871 1 1242
"5317" 59.69898 10.29353 1 2240
"3764" 59.14166 10.33454 1 1109
"5753" 59.88573 10.53436 1 2538
"2679" 58.99225 9.758404 1 143
"5538" 59.81399 10.48944 1 2386
"3561" 59.1146 10.46314 1 944
"4636" 59.4339 10.48939 1 1855
"5785" 59.89199 10.53734 1 2565
"2626" 58.98161 9.683868 1 107
"3166" 59.06782 9.696724 1 587
"5605" 59.8417 10.48982 1 2421
"4386" 59.2642 10.74786 1 1655
"3487" 59.10661 10.96395 1 880
"4951" 59.5596 10.64761 1 2074
"4082" 59.19075 10.80224 1 1392
"3298" 59.08469 10.2936 1 711
"4217" 59.21542 10.92059 1 1512
"4466" 59.30899 10.72119 1 1721
"4741" 59.47013 10.33507 1 1921
"5363" 59.71389 10.56228 1 2270
"2566" 58.96909 9.867832 1 60
"5394" 59.72833 10.72511 1 2294
"5613" 59.847 10.77624 1 2425
"3033" 59.05102 10.44301 1 465
"3795" 59.14598 11.15024 1 1137
"5509" 59.79686 10.49746 1 2372
"3483" 59.10579 9.719397 1 876
"3410" 59.09784 11.21953 1 812
"3372" 59.09294 10.83259 1 777
"5250" 59.68298 10.53778 1 2201
"4694" 59.45152 10.37083 1 1902
"4684" 59.44884 10.45379 1 1894
"4918" 59.54362 10.41449 1 2049
"4592" 59.39432 10.47712 1 1822
"2651" 58.98739 9.70299 1 119
"5337" 59.70406 10.28195 1 2249
"2530" 58.96235 9.670639 1 38
"5682" 59.86802 10.65423 1 2482
"5229" 59.67686 10.58685 1 2187
"3329" 59.08803 11.0597 1 738
"4381" 59.26277 10.41382 1 1650
"5644" 59.85739 10.65004 1 2449
"2835" 59.0222 11.03263 1 281
"4247" 59.22291 10.51294 1 1537
"4728" 59.46621 10.35617 1 1916
"5742" 59.88318 10.71485 1 2530
"4977" 59.56861 10.43067 1 2090
"4932" 59.55066 10.41851 1 2060
"5740" 59.88219 10.72417 1 2528
"3224" 59.07427 10.28068 1 640
"3884" 59.15944 10.38607 1 1219
"2821" 59.01994 10.17947 1 268
"4536" 59.33714 10.65913 1 1780
"2512" 58.95123 9.627667 1 29
"2855" 59.02534 11.08725 1 300
"2857" 59.02556 9.804564 1 302
"2984" 59.04535 10.03497 1 420
"5435" 59.74578 10.72031 1 2328
"2598" 58.97433 9.878115 1 86
"5187" 59.66761 10.58901 1 2174
"3001" 59.04707 9.698517 1 435
"2848" 59.02449 11.04482 1 294
"4259" 59.2249 10.45286 1 1546
"2644" 58.98591 9.842855 1 117
"4046" 59.18452 11.01591 1 1359
"4021" 59.18049 11.15478 1 1338
"3855" 59.15546 11.11588 1 1191
"2599" 58.97451 9.827363 1 87
"4687" 59.44975 10.44041 1 1897
"3287" 59.08301 10.30978 1 700
"5324" 59.70084 10.63976 1 2242
"3445" 59.10212 10.95463 1 843
"5588" 59.83303 10.49544 1 2409
"3816" 59.14811 11.20114 1 1156
"2577" 58.97136 10.14453 1 69
"3941" 59.16768 10.35462 1 1267
"5115" 59.64244 10.60677 1 2154
"4934" 59.55141 10.58875 1 2062
"3431" 59.1004 11.20429 1 830
"4722" 59.46443 10.66716 1 1913
"4160" 59.20482 10.36361 1 1463
"4496" 59.31977 10.68108 1 1749
"3278" 59.08179 11.07787 1 691
"4120" 59.1974 10.36323 1 1426
"5018" 59.59339 10.4377 1 2111
"3177" 59.06909 9.793622 1 597
"3096" 59.05955 9.699209 1 521
"3665" 59.12671 10.32511 1 1022
"3808" 59.14753 10.4447 1 1150
"4313" 59.2406 10.43774 1 1591
"2589" 58.97263 9.701207 1 79
"3775" 59.14319 10.35327 1 1119
"3945" 59.16843 10.40334 1 1271
"3754" 59.13924 10.34708 1 1100
"5439" 59.74687 10.27351 1 2331
"5028" 59.60027 10.65136 1 2116
"5764" 59.88763 10.54298 1 2546
"5637" 59.85517 10.49337 1 2444
"3363" 59.09202 11.03073 1 769
"3804" 59.14697 10.91141 1 1146
"5326" 59.70153 10.57138 1 2244
"5345" 59.70625 10.56066 1 2253
"2720" 59.00222 11.08285 1 180
"3824" 59.14984 10.90226 1 1163
"3379" 59.09414 10.43583 1 784
"3900" 59.16158 10.45181 1 1232
"3848" 59.15381 10.90536 1 1184
"3291" 59.08353 10.43492 1 704
"3088" 59.05789 9.644836 1 513
"5395" 59.72861 10.25048 1 2295
"4152" 59.20345 10.764 1 1455
"3524" 59.11039 10.23121 1 911
"4318" 59.24339 10.45486 1 1596
"4863" 59.52503 10.48195 1 2000
"3805" 59.14715 10.34744 1 1147
"4930" 59.54968 10.24289 1 2058
"3745" 59.13786 11.14113 1 1092
"4542" 59.3434 10.72884 1 1784
"3593" 59.11855 10.43059 1 971
"3575" 59.11709 10.36604 1 956
"4914" 59.54125 10.65826 1 2045
"4364" 59.25732 10.42549 1 1635
"4849" 59.5206 10.49366 1 1987
"4889" 59.53125 10.53303 1 2023
"5417" 59.73825 10.219 1 2312
"4821" 59.50511 10.64568 1 1969
"4588" 59.38999 10.64997 1 1819
"4072" 59.18874 10.99205 1 1384
"5103" 59.63813 10.6379 1 2151
"4409" 59.27163 10.745 1 1675
"3062" 59.05521 9.666007 1 492
"4112" 59.19607 10.33566 1 1419
"3025" 59.05018 9.643172 1 457
"4117" 59.19628 10.80755 1 1423
"2498" 58.94543 9.620473 1 25
"4794" 59.4932 10.31495 1 1950
"3079" 59.05654 10.26353 1 505
"2757" 59.00853 10.09408 1 210
"5282" 59.69172 10.59139 1 2220
"5149" 59.65354 10.43565 1 2161
"4656" 59.44072 10.6037 1 1870
"2975" 59.04412 11.06219 1 411
"3735" 59.13549 9.628486 1 1082
"3344" 59.08942 11.00109 1 752
"4214" 59.21461 11.0682 1 1509
"3083" 59.0573 10.27516 1 508
"2893" 59.03142 10.1147 1 336
"5354" 59.71061 10.52972 1 2261
"5041" 59.60717 10.40938 1 2121
"2775" 59.01124 9.792756 1 225
"2590" 58.97286 9.997565 1 80
"3294" 59.08404 11.04047 1 707
"2681" 58.99251 10.0468 1 144
"2754" 59.00812 9.823808 1 207
"4373" 59.26064 10.73852 1 1644
"3336" 59.08883 10.21777 1 745
"4328" 59.24615 10.49826 1 1606
"5797" 59.89564 10.59588 1 2575
"3069" 59.05572 10.99616 1 496
"4400" 59.26884 10.73769 1 1667
"3695" 59.12986 11.22562 1 1047
"2874" 59.02867 9.823416 1 318
"5685" 59.86878 10.76236 1 2485
"4882" 59.53028 10.37404 1 2017
"3845" 59.15356 11.18324 1 1181
"3886" 59.15956 11.10745 1 1221
"3719" 59.13353 9.634432 1 1069
"4411" 59.27254 10.372 1 1676
"5366" 59.71508 10.59463 1 2273
"2883" 59.02926 9.809049 1 327
"4265" 59.22579 10.73686 1 1551
"3351" 59.09084 11.04331 1 757
"4829" 59.5107 10.29205 1 1974
"5675" 59.8666 10.58373 1 2477
"3857" 59.15591 11.14515 1 1193
"2745" 59.00704 9.755296 1 198
"4337" 59.24764 10.42895 1 1614
"4017" 59.17979 10.99928 1 1334
"4108" 59.19563 10.4708 1 1415
"3916" 59.16409 11.11711 1 1246
"4853" 59.52142 10.32459 1 1991
"2957" 59.04181 10.26879 1 395
"3620" 59.12188 10.34993 1 993
"3037" 59.05144 10.96221 1 469
"2229" 58.87748 9.60914 1 5
"5221" 59.67354 10.61937 1 2183
"3757" 59.14016 11.12579 1 1102
"2958" 59.04201 10.22652 1 396
"4517" 59.32681 10.71671 1 1767
"4877" 59.52853 10.36217 1 2012
"2761" 59.00878 10.13236 1 214
"4756" 59.47778 10.34694 1 1930
"3507" 59.10887 10.22424 1 897
"4307" 59.23927 10.45312 1 1586
"2621" 58.98048 9.701996 1 103
"3650" 59.12481 11.18905 1 1012
"5780" 59.89097 10.7264 1 2560
"3576" 59.11711 11.19795 1 957
"3570" 59.11656 10.4181 1 952
"4952" 59.56007 10.42357 1 2075
"5484" 59.77909 10.50155 1 2364
"3120" 59.06226 10.96062 1 544
"4552" 59.35102 10.66004 1 1791
"3467" 59.10446 11.21496 1 863
"2657" 58.98822 10.05 1 123
"4356" 59.25441 10.47815 1 1628
"2839" 59.02269 10.09436 1 285
"4885" 59.53069 10.28102 1 2019
"2712" 58.99995 9.799017 1 172
"4921" 59.54525 10.57522 1 2051
"3915" 59.16392 10.38774 1 1245
"2825" 59.02051 11.08271 1 272
"3777" 59.1434 10.90981 1 1120
"3202" 59.07202 10.51934 1 621
"3121" 59.06248 9.626364 1 545
"3035" 59.05122 9.675177 1 467
"3325" 59.08752 10.43334 1 735
"3390" 59.09584 10.41523 1 793
"2917" 59.03538 10.16611 1 360
"3048" 59.05288 10.15902 1 479
"4503" 59.32103 10.70558 1 1755
"3728" 59.13521 11.10765 1 1076
"4305" 59.23842 10.75947 1 1584
"2532" 58.96331 9.94581 1 39
"5668" 59.8644 10.76156 1 2471
"3355" 59.09122 10.2927 1 761
"4052" 59.18565 11.08125 1 1365
"3818" 59.14838 10.31491 1 1157
"5745" 59.88353 10.59706 1 2532
"3042" 59.05219 9.700328 1 474
"5304" 59.69616 10.39101 1 2230
"3060" 59.05458 9.686158 1 490
"5237" 59.68044 10.57443 1 2193
"5365" 59.71487 10.55535 1 2272
"3756" 59.13981 10.44382 1 1101
"4058" 59.18679 10.52983 1 1371
"2697" 58.9966 9.734443 1 158
"5633" 59.85431 10.54283 1 2440
"3924" 59.1656 10.37771 1 1253
"3815" 59.14804 10.3677 1 1155
"4665" 59.44325 10.43063 1 1877
"4931" 59.55028 10.39413 1 2059
"2744" 59.00664 10.03442 1 197
"4535" 59.33654 10.72735 1 1779
"4315" 59.24166 10.6998 1 1593
"2819" 59.01942 10.12993 1 266
"5196" 59.66884 10.57872 1 2178
"2548" 58.96545 9.703263 1 48
"3594" 59.11864 11.01223 1 972
"4500" 59.32015 10.64098 1 1752
"4059" 59.18691 10.35917 1 1372
"4626" 59.42772 10.4662 1 1845
"2684" 58.99315 9.79668 1 147
"2700" 58.99771 11.04507 1 161
"3289" 59.08316 10.27986 1 702
"4056" 59.18633 11.18527 1 1369
"5671" 59.86514 10.78195 1 2474
"3051" 59.05317 9.792526 1 482
"3134" 59.06398 10.45003 1 556
"4190" 59.21108 10.5471 1 1489
"5430" 59.74352 10.23895 1 2323
"4611" 59.41844 10.59813 1 1833
"3205" 59.07245 10.25945 1 624
"2977" 59.04438 9.745366 1 413
"4044" 59.18416 10.33222 1 1357
"3455" 59.10336 10.44295 1 853
"3133" 59.06379 10.39635 1 555
"4007" 59.17819 10.33302 1 1325
"5308" 59.69636 10.5245 1 2234
"3971" 59.17213 11.11101 1 1294
"3276" 59.08062 10.98627 1 689
"5738" 59.88184 10.52019 1 2526
"3793" 59.14565 11.21282 1 1135
"2771" 59.0103 10.08681 1 221
"4478" 59.31463 10.68215 1 1733
"3107" 59.06041 9.633643 1 531
"3964" 59.17141 10.41005 1 1287
"3520" 59.11017 10.41931 1 907
"3866" 59.15685 10.82905 1 1202
"3598" 59.11923 10.85355 1 975
"2707" 58.99962 11.07826 1 167
"4195" 59.21192 10.4561 1 1493
"3273" 59.08047 10.93834 1 686
"2682" 58.99272 9.712387 1 145
"3525" 59.11045 9.71042 1 912
"4489" 59.3178 10.79051 1 1742
"4943" 59.55547 10.27503 1 2069
"3674" 59.12741 11.10425 1 1030
"4089" 59.19164 11.07864 1 1398
"4281" 59.23153 10.74682 1 1563
"3186" 59.07011 10.85704 1 605
"5264" 59.6862 10.6191 1 2208
"2780" 59.01188 10.10774 1 229
"4188" 59.21056 10.78893 1 1487
"3021" 59.04975 11.10168 1 453
"2654" 58.98782 9.664393 1 121
"4901" 59.53642 10.65849 1 2034
"4830" 59.51087 10.63485 1 1975
"4922" 59.54662 10.39144 1 2052
"2559" 58.96812 9.708899 1 55
"4539" 59.33982 10.74686 1 1782
"4258" 59.22483 10.68771 1 1545
"2627" 58.98179 10.96191 1 108
"4948" 59.55778 10.24362 1 2072
"2938" 59.03885 10.12646 1 378
"3352" 59.09103 11.01591 1 758
"3161" 59.06726 10.30236 1 582
"3243" 59.07724 9.696002 1 658
"3738" 59.13596 10.92529 1 1085
"3247" 59.07752 11.05819 1 661
"2942" 59.03919 10.9599 1 381
"2930" 59.03753 11.06101 1 371
"5423" 59.74043 10.21407 1 2317
"3476" 59.10547 10.84287 1 870
"5351" 59.71043 10.36198 1 2258
"3870" 59.15701 10.32396 1 1206
"2570" 58.96991 9.658001 1 63
"4761" 59.47973 10.68561 1 1932
"4858" 59.52331 10.67501 1 1996
"2496" 58.94255 9.617405 1 24
"4101" 59.19434 10.77226 1 1409
"3662" 59.12653 10.22275 1 1019
"4232" 59.21886 10.51421 1 1525
"2935" 59.0382 10.03918 1 375
"2884" 59.02928 10.99844 1 328
"5183" 59.66615 10.38182 1 2173
"3024" 59.05012 9.795678 1 456
"3705" 59.1315 10.92823 1 1056
"3176" 59.06893 9.629705 1 596
"4664" 59.44303 10.43979 1 1876
"5004" 59.58626 10.39248 1 2104
"4060" 59.1871 10.86368 1 1373
"4088" 59.19159 10.81019 1 1397
"3579" 59.11761 10.35749 1 959
"4498" 59.32001 10.77791 1 1751
"4431" 59.28386 10.67627 1 1693
"4459" 59.30608 10.72834 1 1715
"3860" 59.1561 10.82203 1 1196
"4218" 59.21554 10.70857 1 1513
"3405" 59.09746 10.95081 1 807
"4710" 59.45966 10.61836 1 1909
"5446" 59.75064 10.26629 1 2338
"4282" 59.23168 10.70182 1 1564
"5702" 59.87353 10.59668 1 2499
"3244" 59.07731 10.45189 1 659
"2794" 59.01446 10.10391 1 243
"5459" 59.76125 10.50237 1 2348
"4070" 59.1886 10.97878 1 1382
"3335" 59.08872 10.42273 1 744
"2774" 59.01122 10.14068 1 224
"3897" 59.16145 10.82401 1 1229
"3875" 59.15772 10.33228 1 1210
"4230" 59.21799 10.91471 1 1523
"2967" 59.04379 10.93102 1 404
"3607" 59.12037 10.27062 1 981
"4576" 59.3787 10.66185 1 1810
"3019" 59.04927 11.0723 1 451
"3157" 59.06688 10.98679 1 578
"3127" 59.06278 10.43761 1 551
"2796" 59.01469 11.0649 1 245
"2915" 59.03527 10.06636 1 358
"4164" 59.20538 10.33877 1 1466
"5568" 59.82671 10.50785 1 2397
"3168" 59.06802 10.46844 1 589
"3209" 59.07287 10.46403 1 627
"4340" 59.24914 10.44717 1 1616
"5687" 59.86891 10.77579 1 2486
"4009" 59.17872 10.89798 1 1327
"4572" 59.37677 10.51861 1 1807
"3701" 59.13072 10.31062 1 1052
"5522" 59.80747 10.48706 1 2381
"3012" 59.04862 10.89345 1 445
"3546" 59.11284 10.91992 1 931
"2804" 59.01642 11.10969 1 252
"2899" 59.03232 11.10732 1 342
"2691" 58.99447 11.03637 1 152
"5762" 59.88705 10.76031 1 2544
"2719" 59.00218 9.772205 1 179
"5401" 59.73105 10.22647 1 2299
"5670" 59.8646 10.58859 1 2473
"2817" 59.01912 10.09707 1 264
"3700" 59.13061 11.09829 1 1051
"4555" 59.35756 10.67107 1 1794
"4023" 59.18124 10.95102 1 1340
"4371" 59.26023 10.49037 1 1642
"4283" 59.23171 10.38577 1 1565
"3785" 59.14476 10.49322 1 1127
"5410" 59.73401 10.58617 1 2307
"5413" 59.73629 10.29198 1 2309
"4362" 59.25646 10.38398 1 1633
"5268" 59.68831 10.52944 1 2211
"4648" 59.43835 10.38371 1 1864
"3893" 59.16063 10.98251 1 1225
"2783" 59.01249 9.829324 1 232
"4083" 59.19105 10.78925 1 1393
"3478" 59.10549 10.48529 1 872
"4109" 59.19568 10.57563 1 1416
"3439" 59.10166 10.78422 1 838
"5784" 59.89198 10.72053 1 2564
"4144" 59.20169 10.7953 1 1447
"4013" 59.17939 10.45896 1 1330
"3724" 59.13441 11.04373 1 1073
"2908" 59.03405 9.830985 1 351
"3364" 59.09208 10.41087 1 770
"3270" 59.08009 10.87784 1 683
"2568" 58.96977 9.926952 1 62
"3473" 59.10507 10.95275 1 868
"5455" 59.75829 10.712 1 2344
"5769" 59.88836 10.75036 1 2551
"4873" 59.52728 10.33814 1 2008
"5182" 59.66553 10.43887 1 2172
"4248" 59.22318 10.74011 1 1538
"2567" 58.96931 9.835218 1 61
"2342" 58.89988 9.647712 1 11
"4289" 59.23347 10.3779 1 1570
"3422" 59.0993 10.24797 1 822
"3580" 59.11773 10.46732 1 960
"3944" 59.16838 10.95132 1 1270
"3624" 59.1222 11.07316 1 996
"3227" 59.07481 10.88684 1 643
"3589" 59.11823 11.13879 1 967
"3461" 59.10415 10.86249 1 858
"2538" 58.96435 9.677107 1 43
"4383" 59.2639 10.7871 1 1652
"4114" 59.19621 11.17902 1 1421
"3322" 59.08683 10.45199 1 732
"3216" 59.07336 10.88141 1 633
"4653" 59.43984 10.46526 1 1867
"2738" 59.00574 9.706355 1 193
"3307" 59.0859 10.95496 1 719
"3164" 59.06754 10.25986 1 585
"2856" 59.0254 11.07924 1 301
"5690" 59.86988 10.54571 1 2489
"4378" 59.26147 10.4084 1 1648
"3838" 59.15203 11.03065 1 1175
"5583" 59.83141 10.76726 1 2405
"3338" 59.089 9.800826 1 747
"5387" 59.72424 10.30509 1 2288
"3592" 59.11842 9.647741 1 970
"3428" 59.10013 10.23682 1 827
"3039" 59.0518 10.16871 1 471
"4514" 59.3252 10.64676 1 1765
"2670" 58.99019 9.688976 1 134
"3849" 59.15397 11.03841 1 1185
"4492" 59.31853 10.75072 1 1745
"4467" 59.3091 10.69033 1 1722
"4002" 59.17705 10.96826 1 1320
"3683" 59.12782 10.35707 1 1037
"5789" 59.89363 10.5489 1 2569
"4632" 59.43101 10.652 1 1851
"3567" 59.11614 10.29227 1 950
"4234" 59.21935 10.78405 1 1527
"3125" 59.06264 9.720869 1 549
"4690" 59.45021 10.40662 1 1899
"3163" 59.06741 9.748514 1 584
"3392" 59.09591 10.77683 1 795
"5214" 59.67201 10.37797 1 2181
"5059" 59.61647 10.41344 1 2130
"2847" 59.02432 11.1099 1 293
"5835" 59.91675 10.66051 1 2602
"4186" 59.21047 10.90714 1 1485
"5683" 59.86807 10.50477 1 2483
"4279" 59.23082 10.7686 1 1561
"5316" 59.69887 10.53917 1 2239
"4301" 59.23728 10.43508 1 1580
"4544" 59.34424 10.65833 1 1786
"5667" 59.86387 10.54496 1 2470
"3966" 59.17147 10.71515 1 1289
"3175" 59.0689 10.42515 1 595
"3185" 59.06989 9.730012 1 604
"5294" 59.69423 10.60417 1 2227
"3939" 59.16716 10.33372 1 1265
"3447" 59.10224 10.47492 1 845
"3878" 59.15855 10.44234 1 1213
"3827" 59.15043 10.99006 1 1166
"5697" 59.87181 10.50709 1 2495
"4204" 59.21332 10.53769 1 1501
"3234" 59.07573 10.42852 1 650
"2346" 58.90047 9.639551 1 12
"5823" 59.90855 10.70876 1 2596
"2748" 59.00746 9.773983 1 201
"2946" 59.03975 9.740994 1 385
"5577" 59.82981 10.69562 1 2402
"3556" 59.11401 10.87229 1 939
"2733" 59.00497 11.04089 1 189
"2513" 58.95154 9.618127 1 30
"4642" 59.43716 10.65918 1 1860
"5290" 59.6929 10.52176 1 2223
"5803" 59.89883 10.60638 1 2579
"2562" 58.96844 10.14743 1 58
"2921" 59.03617 10.95544 1 364
"4978" 59.56901 10.6109 1 2091
"3988" 59.17461 10.90578 1 1308
"3136" 59.06413 10.42007 1 558
"3082" 59.05729 10.92383 1 507
"3028" 59.05047 11.06087 1 460
"4807" 59.49781 10.37715 1 1957
"2865" 59.02757 9.754534 1 309
"5826" 59.91023 10.72976 1 2598
"4141" 59.2012 10.45846 1 1444
"3009" 59.04807 10.87107 1 442
"3543" 59.11277 10.46754 1 928
"4583" 59.3859 10.52503 1 1816
"4579" 59.38115 10.51676 1 1812
"2787" 59.01366 9.775117 1 236
"4016" 59.17956 11.00756 1 1333
"5727" 59.87931 10.71953 1 2518
"5821" 59.9063 10.74641 1 2594
"3998" 59.17655 10.96242 1 1317
"4896" 59.53277 10.52817 1 2030
"2866" 59.02764 9.731415 1 310
"3800" 59.14662 11.12429 1 1142
"3948" 59.16887 10.44399 1 1273
"2192" 58.86999 9.609336 1 2
"4130" 59.19905 10.89743 1 1435
"2834" 59.02198 11.01775 1 280
"2593" 58.97347 9.654992 1 83
"2831" 59.02189 10.20044 1 277
"3508" 59.109 10.76347 1 898
"4999" 59.58328 10.39238 1 2102
"2686" 58.99332 9.80804 1 148
"3293" 59.08354 10.42218 1 706
"2828" 59.02114 11.08902 1 274
"3854" 59.15479 10.48257 1 1190
"4827" 59.50951 10.67975 1 1973
"4249" 59.22323 10.77396 1 1539
"4811" 59.50043 10.66689 1 1961
"4633" 59.43104 10.48962 1 1852
"3669" 59.12686 11.0834 1 1026
"5802" 59.89723 10.75219 1 2578
"3651" 59.12519 10.43474 1 1013
"3718" 59.1335 11.17638 1 1068
"5597" 59.83846 10.49844 1 2415
"4820" 59.50509 10.66183 1 1968
"2886" 59.03002 10.98872 1 330
"3387" 59.09494 11.00359 1 790
"2990" 59.04616 11.04255 1 426
"3228" 59.07483 10.21752 1 644
"4902" 59.53713 10.54438 1 2035
"3834" 59.15136 11.02079 1 1172
"3342" 59.08917 10.9059 1 750
"3456" 59.10354 10.83881 1 854
"2898" 59.03222 10.02083 1 341
"4349" 59.25186 10.3822 1 1623
"2683" 58.99289 9.671732 1 146
"5476" 59.7765 10.70924 1 2362
"3350" 59.0908 10.39587 1 756
"3952" 59.16921 10.8264 1 1277
"4171" 59.20746 10.89346 1 1473
"5603" 59.84121 10.50797 1 2419
"4107" 59.19522 10.49908 1 1414
"5788" 59.89315 10.5916 1 2568
"5719" 59.87679 10.60863 1 2512
"2672" 58.99048 10.0381 1 136
"3049" 59.053 10.99496 1 480
"4422" 59.27819 10.37887 1 1687
"3137" 59.06431 10.27667 1 559
"2781" 59.01205 11.08784 1 230
"3219" 59.07387 11.07773 1 636
"2891" 59.03088 9.767156 1 335
"2608" 58.97738 9.821494 1 93
"4396" 59.26707 10.39739 1 1664
"3375" 59.09363 10.43052 1 780
"2809" 59.01752 10.08062 1 257
"4327" 59.24546 10.50776 1 1605
"5832" 59.91383 10.66258 1 2600
"4121" 59.19741 10.78944 1 1427
"5768" 59.88831 10.53238 1 2550
"5046" 59.60961 10.43947 1 2123
"3337" 59.08895 11.00638 1 746
"2699" 58.99724 9.80785 1 160
"3466" 59.10439 10.85405 1 862
"2489" 58.93913 9.62036 1 20
"4038" 59.18335 11.09331 1 1352
"4151" 59.20308 10.78782 1 1454
"4839" 59.5155 10.6399 1 1981
"4096" 59.19338 11.14205 1 1404
"4606" 59.41258 10.48929 1 1828
"3660" 59.12643 11.06758 1 1018
"4027" 59.18199 10.4856 1 1343
"5469" 59.76761 10.58629 1 2356
"3040" 59.0518 11.07915 1 472
"4848" 59.52039 10.45903 1 1986
"4878" 59.52887 10.68186 1 2013
"2966" 59.04367 11.09794 1 403
"3089" 59.05807 10.40111 1 514
"2557" 58.96732 9.844767 1 54
"4280" 59.231 10.74038 1 1562
"3958" 59.17006 10.90777 1 1282
"2964" 59.0436 10.04656 1 401
"4445" 59.2942 10.51581 1 1702
"3480" 59.10559 10.42382 1 874
"3141" 59.06475 9.728914 1 563
"4452" 59.30312 10.65847 1 1709
"4418" 59.27579 10.74198 1 1683
"2760" 59.00862 9.798542 1 213
"5541" 59.81457 10.48422 1 2387
"4661" 59.44164 10.45563 1 1874
"3500" 59.10784 10.8404 1 892
"5383" 59.72305 10.7162 1 2285
"3407" 59.09758 11.21093 1 809
"3867" 59.15698 10.43414 1 1203
"4278" 59.2307 10.44099 1 1560
"5399" 59.73045 10.72867 1 2297
"3680" 59.1277 10.92314 1 1035
"5558" 59.82377 10.75217 1 2394
"3528" 59.11064 10.84861 1 915
"3533" 59.111 10.87782 1 920
"3759" 59.14027 10.94283 1 1104
"4612" 59.41857 10.62689 1 1834
"5289" 59.69285 10.58662 1 2222
"5669" 59.86445 10.55933 1 2472
"4915" 59.54266 10.38536 1 2046
"4670" 59.44426 10.65556 1 1881
"4481" 59.31529 10.71802 1 1736
"3103" 59.05985 10.99229 1 528
"4639" 59.4354 10.49388 1 1857
"5838" 59.91764 10.67521 1 2604
"5392" 59.72783 10.57664 1 2292
"5766" 59.88783 10.71818 1 2548
"4129" 59.19891 10.77185 1 1434
"4910" 59.53999 10.55132 1 2042
"2901" 59.03317 9.757852 1 344
"5776" 59.8903 10.70763 1 2556
"3084" 59.05742 9.719383 1 509
"4191" 59.21139 10.56456 1 1490
"4888" 59.53111 10.31494 1 2022
"3923" 59.16559 10.91579 1 1252
"3016" 59.04907 10.01862 1 449
"4895" 59.53262 10.41505 1 2029
"3104" 59.06004 11.08208 1 529
"2912" 59.03459 10.11908 1 355
"4532" 59.3361 10.7217 1 1777
"4617" 59.42323 10.48115 1 1839
"3386" 59.09467 10.91805 1 789
"4397" 59.26711 10.72682 1 1665
"2758" 59.00854 9.751124 1 211
"2622" 58.98072 9.965878 1 104
"2535" 58.96371 9.864417 1 40
"2905" 59.03344 10.9495 1 348
"3645" 59.12427 10.92078 1 1009
"3690" 59.12952 10.93632 1 1042
"2637" 58.98477 9.676581 1 114
"3841" 59.15267 11.14977 1 1177
"2863" 59.02717 10.10782 1 307
"3671" 59.12712 11.17471 1 1028
"3320" 59.08671 10.93655 1 731
"2793" 59.01439 11.05989 1 242
"4678" 59.44721 10.42973 1 1888
"2790" 59.01414 11.10198 1 239
"3687" 59.1293 10.42061 1 1040
"5812" 59.90154 10.75137 1 2586
"3385" 59.09464 10.22629 1 788
"4707" 59.45867 10.36123 1 1907
"5463" 59.76215 10.72661 1 2351
"5352" 59.71051 10.3772 1 2259
"4395" 59.26554 10.48826 1 1663
"4524" 59.33185 10.74729 1 1772
"5771" 59.88873 10.61389 1 2553
"3908" 59.16314 10.40888 1 1240
"4054" 59.18603 10.85652 1 1367
"3895" 59.16071 10.37775 1 1227
"3369" 59.09276 11.23562 1 775
"4809" 59.49918 10.68011 1 1959
"4210" 59.21413 10.93309 1 1506
"5367" 59.71589 10.54811 1 2274
"4556" 59.35773 10.6624 1 1795
"4180" 59.20891 10.36407 1 1480
"3212" 59.0731 9.693059 1 629
"5707" 59.87448 10.53381 1 2503
"3395" 59.09625 10.48649 1 798
"5257" 59.68496 10.62349 1 2203
"5077" 59.62616 10.64787 1 2140
"4202" 59.21305 10.36798 1 1499
"3547" 59.1129 10.23183 1 932
"5259" 59.68535 10.42606 1 2204
"2688" 58.99402 9.750451 1 149
"5447" 59.75105 10.26135 1 2339
"2604" 58.97633 9.987924 1 90
"2823" 59.02021 11.10998 1 270
"3968" 59.17183 10.86087 1 1291
"4568" 59.37329 10.65673 1 1805
"3606" 59.12023 11.1879 1 980
"2665" 58.98959 11.04149 1 129
"3436" 59.10088 9.647193 1 835
"4405" 59.27018 10.74901 1 1671
"5777" 59.89041 10.59466 1 2557
"4641" 59.43659 10.58803 1 1859
"5102" 59.63802 10.64285 1 2150
"4490" 59.31798 10.72324 1 1743
"4125" 59.19828 10.34004 1 1431
"5791" 59.89399 10.63402 1 2571
"4326" 59.24524 10.46841 1 1604
"4335" 59.24739 10.69919 1 1612
"3741" 59.13638 10.93853 1 1088
"2880" 59.02907 11.01384 1 324
"5628" 59.85243 10.52665 1 2437
"3909" 59.16336 10.32541 1 1241
"2836" 59.0224 10.17889 1 282
"3847" 59.1537 10.90024 1 1183
"3174" 59.06884 9.788836 1 594
"3562" 59.11462 10.22283 1 945
"4132" 59.19996 10.50093 1 1437
"4081" 59.19062 10.46786 1 1391
"4099" 59.19393 10.94553 1 1407
"5615" 59.84827 10.49742 1 2427
"3791" 59.14544 11.1309 1 1133
"3199" 59.07189 10.92818 1 618
"5611" 59.84353 10.69156 1 2424
"3711" 59.13218 10.95189 1 1061
"4777" 59.48705 10.3281 1 1941
"2313" 58.89542 9.644804 1 9
"2667" 58.98965 11.05715 1 131
"3101" 59.05982 10.2644 1 526
"3457" 59.10368 10.8461 1 855
"4645" 59.43788 10.45597 1 1861
"3180" 59.06946 10.22151 1 599
"5646" 59.85812 10.50775 1 2451
"2909" 59.03407 10.21736 1 352
"4616" 59.42215 10.61197 1 1838
"4935" 59.55152 10.28639 1 2063
"5362" 59.71382 10.37307 1 2269
"3279" 59.0819 10.88486 1 692
"4963" 59.56271 10.25152 1 2081
"3880" 59.15902 11.17407 1 1215
"3991" 59.17498 10.4515 1 1311
"2611" 58.97811 9.837365 1 95
"3011" 59.04842 9.660389 1 444
"2727" 59.00331 9.754086 1 185
"3458" 59.10389 11.12664 1 856
"4859" 59.52334 10.47508 1 1997
"3542" 59.11256 10.45148 1 927
"3280" 59.08206 10.30065 1 693
"3275" 59.08057 10.96077 1 688
"4521" 59.32884 10.66412 1 1770
"3712" 59.13222 11.22644 1 1062
"3732" 59.13534 11.13958 1 1080
"5364" 59.71487 10.56659 1 2271
"5580" 59.83065 10.4958 1 2404
"4865" 59.52531 10.42567 1 2002
"5689" 59.86955 10.76685 1 2488
"3744" 59.1372 11.03634 1 1091
"4363" 59.25711 10.73116 1 1634
"4468" 59.30926 10.77954 1 1723
"3381" 59.09416 10.44153 1 786
"3670" 59.12695 10.31922 1 1027
"3494" 59.10737 10.87607 1 887
"2366" 58.90325 9.652146 1 16
"3767" 59.14206 10.91361 1 1111
"4118" 59.19628 10.80294 1 1424
"4158" 59.20476 10.34917 1 1461
"2674" 58.99063 9.696546 1 138
"3933" 59.16654 10.82687 1 1261
"4886" 59.53093 10.38109 1 2020
"4546" 59.34577 10.47514 1 1788
"3619" 59.12187 10.86666 1 992
"4808" 59.49781 10.65469 1 1958
"5708" 59.87479 10.54141 1 2504
"2746" 59.00713 9.786767 1 199
"2662" 58.98899 9.852809 1 127
"2713" 59.00024 10.04133 1 173
"3715" 59.13315 9.628469 1 1065
"5329" 59.7025 10.62846 1 2246
"4078" 59.19055 10.3334 1 1389
"5665" 59.86366 10.5377 1 2468
"5471" 59.7689 10.71457 1 2358
"3171" 59.06832 10.52651 1 591
"3419" 59.09904 10.91989 1 820
"4781" 59.48836 10.31869 1 1943
"4317" 59.24271 10.44234 1 1595
"4557" 59.36012 10.67403 1 1796
"5656" 59.86027 10.51054 1 2460
"3112" 59.06101 10.2991 1 536
"3949" 59.16907 10.42335 1 1274
"2520" 58.95518 9.614879 1 31
"3537" 59.11185 11.20073 1 923
"4479" 59.31465 10.7254 1 1734
"2618" 58.97873 9.981803 1 101
"5649" 59.8585 10.52673 1 2454
"4677" 59.4472 10.61284 1 1887
"3523" 59.11035 10.26513 1 910
"4256" 59.22453 10.76864 1 1543
"4333" 59.24662 10.73432 1 1610
"3260" 59.07901 11.05022 1 673
"5737" 59.88156 10.53252 1 2525
"3798" 59.14637 11.00938 1 1140
"4967" 59.56402 10.42833 1 2085
"4126" 59.19844 10.94632 1 1432
"2806" 59.01699 10.03183 1 254
"3262" 59.07922 10.87379 1 675
"3529" 59.11069 10.77143 1 916
"3437" 59.10091 10.28128 1 836
"2623" 58.98108 9.837966 1 105
"5272" 59.68963 10.4118 1 2213
"3970" 59.17192 11.00607 1 1293
"4940" 59.55506 10.39578 1 2066
"2870" 59.0281 10.21285 1 314
"2640" 58.98528 10.03397 1 115
"5695" 59.87119 10.58764 1 2493
"3365" 59.09213 9.645028 1 771
"4273" 59.22912 10.37496 1 1557
"2803" 59.01641 9.814218 1 251
"2653" 58.98771 9.840318 1 120
"3861" 59.15614 11.01572 1 1197
"2936" 59.03856 10.05711 1 376
"3113" 59.06117 9.725218 1 537
"2578" 58.97146 10.13913 1 70
"5741" 59.88298 10.6159 1 2529
"5618" 59.84865 10.57787 1 2429
"3495" 59.10745 10.43167 1 888
"5772" 59.88884 10.55096 1 2554
"3031" 59.0508 9.786965 1 463
"4870" 59.52618 10.32057 1 2007
"2580" 58.97172 9.908107 1 72
"3070" 59.05574 11.07089 1 497
"3633" 59.12283 10.3662 1 1002
"4772" 59.48404 10.63521 1 1938
"2982" 59.04508 10.15621 1 418
"3710" 59.13192 10.33044 1 1060
"3978" 59.17339 10.39395 1 1300
"4634" 59.43158 10.49378 1 1853
"4483" 59.31589 10.52926 1 1737
"5424" 59.74068 10.72818 1 2318
"3879" 59.15898 11.11638 1 1214
"5710" 59.87564 10.59973 1 2505
"4394" 59.26542 10.73971 1 1662
"2784" 59.01309 10.12857 1 233
"3626" 59.12228 10.42448 1 998
"3905" 59.16248 11.16456 1 1237
"3714" 59.13311 11.10661 1 1064
"4508" 59.32311 10.73926 1 1760
"2920" 59.03586 11.11072 1 363
"3882" 59.15929 10.82606 1 1217
"5405" 59.73248 10.22991 1 2302
"4590" 59.39136 10.51566 1 1820
"2876" 59.02883 11.00663 1 320
"2730" 59.00427 10.1006 1 187
"2769" 59.00988 10.10072 1 219
"3245" 59.07732 10.26221 1 660
"4391" 59.26494 10.49372 1 1659
"3435" 59.10071 10.42891 1 834
"2947" 59.03984 10.17062 1 386
"4316" 59.2422 10.46439 1 1594
"3676" 59.12754 9.619668 1 1032
"5428" 59.74198 10.51235 1 2322
"3217" 59.07373 10.85094 1 634
"3940" 59.16746 10.90838 1 1266
"3544" 59.11278 10.35699 1 929
"4229" 59.21762 11.06564 1 1522
"4783" 59.48854 10.39354 1 1945
"3974" 59.1729 10.45118 1 1296
"3116" 59.0615 10.91129 1 540
"4216" 59.21513 10.78279 1 1511
"5801" 59.89693 10.68746 1 2577
"5226" 59.67555 10.42747 1 2185
"4035" 59.18275 10.85909 1 1350
"4159" 59.20481 10.80031 1 1462
"3610" 59.12069 10.4277 1 983
"3050" 59.05309 9.720836 1 481
"4238" 59.22 10.69825 1 1531
"2953" 59.04152 10.14208 1 391
"5716" 59.87644 10.54811 1 2510
"4260" 59.22494 10.44779 1 1547
"5640" 59.85598 10.54971 1 2446
"5462" 59.76204 10.58221 1 2350
"2959" 59.04213 10.89039 1 397
"4964" 59.56279 10.25977 1 2082
"3272" 59.0804 10.93437 1 685
"5630" 59.85353 10.49579 1 2439
"3249" 59.07763 11.06215 1 663
"2355" 58.90185 9.646676 1 14
"4435" 59.28803 10.6766 1 1696
"4047" 59.18452 10.88502 1 1360
"2853" 59.02529 9.762685 1 298
"5563" 59.82582 10.49845 1 2395
"2537" 58.96416 9.959132 1 42
"3496" 59.10757 10.86825 1 889
"3265" 59.07972 10.96954 1 678
"3172" 59.06846 10.52069 1 592
"3603" 59.11983 9.620758 1 978
"2906" 59.03385 10.15584 1 349
"3309" 59.08592 9.718035 1 720
"3957" 59.17 10.36688 1 1281
"3078" 59.05635 9.778436 1 504
"3840" 59.15258 11.18986 1 1176
"3446" 59.10218 10.86185 1 844
"3360" 59.09173 11.19988 1 766
"2716" 59.00114 9.803005 1 176
"3413" 59.09808 10.22525 1 815
"3046" 59.05284 11.07034 1 477
"4066" 59.1881 11.18152 1 1378
"3898" 59.16153 10.83272 1 1230
"3786" 59.14493 10.3186 1 1128
"3799" 59.14656 11.13749 1 1141
"3299" 59.08479 11.05073 1 712
"3271" 59.08025 11.06641 1 684
"5276" 59.69113 10.52008 1 2217
"2970" 59.04392 11.05206 1 407
"3382" 59.09421 9.696838 1 787
"2588" 58.97251 10.00751 1 78
"5681" 59.86745 10.50891 1 2481
"4695" 59.45285 10.44057 1 1903
"4662" 59.442 10.48127 1 1875
"3497" 59.10763 10.42092 1 890
"3972" 59.17259 10.32856 1 1295
"3159" 59.0671 10.96101 1 580
"3797" 59.14615 10.98699 1 1139
"5815" 59.90213 10.74491 1 2589
"4453" 59.30394 10.68622 1 1710
"4415" 59.27516 10.72889 1 1680
"4294" 59.23474 10.46226 1 1575
"4359" 59.25572 10.44835 1 1631
"2660" 58.98898 9.751982 1 125
"3668" 59.12686 10.31554 1 1025
"4257" 59.22466 10.36885 1 1544
"4748" 59.47409 10.6819 1 1925
"2999" 59.04692 11.05423 1 433
"5437" 59.74652 10.72371 1 2329
"2276" 58.88545 9.615303 1 7
"5642" 59.85691 10.52446 1 2448
"3771" 59.14245 10.94243 1 1115
"3292" 59.08353 11.07114 1 705
"3772" 59.14246 10.41754 1 1116
"3694" 59.12977 11.03369 1 1046
"3503" 59.10837 10.93766 1 895
"2777" 59.01143 9.822576 1 227
"4053" 59.18587 10.35625 1 1366
"4331" 59.24647 10.38214 1 1608
"3257" 59.07847 10.95795 1 671
"3416" 59.0986 10.44201 1 817
"3782" 59.14457 11.03726 1 1124
"4049" 59.18502 11.08451 1 1362
"4679" 59.44743 10.46566 1 1889
"3708" 59.13173 9.630566 1 1058
"3582" 59.11773 10.90533 1 962
"3264" 59.07968 9.792644 1 677
"4071" 59.18864 11.16816 1 1383
"4377" 59.261 10.4136 1 1647
"3540" 59.11198 10.27705 1 925
"3324" 59.08716 10.90704 1 734
"4165" 59.2059 10.94108 1 1467
"4228" 59.21751 10.79063 1 1521
"4203" 59.21319 10.91395 1 1500
"3094" 59.05843 11.00358 1 519
"2724" 59.00319 10.03714 1 183
"5752" 59.88547 10.60493 1 2537
"4084" 59.19122 11.15081 1 1394
"3204" 59.07232 9.627637 1 623
"2929" 59.0375 10.94802 1 370
"5086" 59.6299 10.40734 1 2145
"5758" 59.88667 10.61352 1 2542
"4528" 59.33382 10.49008 1 1773
"4629" 59.42962 10.65382 1 1848
"3739" 59.13611 10.93097 1 1086
"3587" 59.11809 10.22754 1 965
"4146" 59.20172 10.94214 1 1449
"4298" 59.23611 10.6871 1 1577
"3312" 59.08604 10.43473 1 723
"3443" 59.10196 10.48609 1 841
"5050" 59.61145 10.4124 1 2126
"5233" 59.67739 10.55643 1 2191
"4185" 59.21041 10.93857 1 1484
"3055" 59.05398 9.756682 1 485
"4291" 59.23428 10.76212 1 1572
"3765" 59.14192 10.38047 1 1110
"5048" 59.61065 10.43171 1 2124
"3117" 59.06204 11.08011 1 541
"3313" 59.08607 10.42862 1 724
"4136" 59.20031 10.45467 1 1441
"4423" 59.27839 10.7422 1 1688
"5240" 59.68183 10.41973 1 2195
"3552" 59.11355 10.887 1 937
"5652" 59.85945 10.5777 1 2457
"2785" 59.01329 9.847383 1 234
"5448" 59.75153 10.71662 1 2340
"5743" 59.88325 10.62706 1 2531
"5292" 59.69304 10.52482 1 2225
"2751" 59.00775 11.00427 1 204
"5305" 59.69622 10.52025 1 2231
"2851" 59.0249 10.0655 1 296
"4388" 59.26427 10.40685 1 1657
"3187" 59.0703 10.8863 1 606
"4143" 59.20142 11.07234 1 1446
"3931" 59.1663 10.38669 1 1259
"4206" 59.21345 10.53495 1 1503
"2690" 58.99438 9.858585 1 151
"2703" 58.99822 9.805923 1 163
"4414" 59.27459 10.7406 1 1679
"2795" 59.01464 10.11892 1 244
"3530" 59.11081 11.21287 1 917
"4819" 59.50361 10.3624 1 1967
"3703" 59.1312 10.43616 1 1054
"5060" 59.61691 10.41088 1 2131
"3532" 59.11091 10.42155 1 919
"5712" 59.87617 10.50698 1 2507
"3114" 59.06141 9.754411 1 538
"3809" 59.14754 11.13491 1 1151
"2816" 59.01888 10.10192 1 263
"3602" 59.11945 11.21335 1 977
"4334" 59.24696 10.70135 1 1611
"2976" 59.04432 11.04612 1 412
"4168" 59.20675 10.56111 1 1470
"5736" 59.88145 10.59937 1 2524
"4309" 59.2401 10.76336 1 1587
"4110" 59.19579 11.07455 1 1417
"4246" 59.22234 10.4598 1 1536
"4073" 59.18899 11.07866 1 1385
"2991" 59.04626 10.15089 1 427
"4494" 59.31911 10.74915 1 1747
"3235" 59.07579 10.21735 1 651
"3868" 59.15699 10.32213 1 1204
"4640" 59.43548 10.65156 1 1858
"3517" 59.10992 10.87116 1 905
"3229" 59.07489 11.04223 1 645
"4205" 59.21335 10.93254 1 1502
"4672" 59.4448 10.45668 1 1882
"4086" 59.19128 11.07738 1 1395
